ONEWEB-0012 2019-010A 2023-03-29T05:24:44,356896 13,16592193 ,0001574 87,8983 102,9525 127,9207 354,4677 0 C 44057 88 1 -,66158E-2 -,2526E-4 0 0,258 OneWeb-E
ONEWEB-0010 2019-010B 2023-03-29T01:55:14,356992 13,16596666 ,0002319 87,8982 102,9769 111,4217 281,8057 0 C 44058 88 1 -,74559E-2 -,2847E-4 0 0,254 OneWeb-E
ONEWEB-0008 2019-010C 2023-03-29T06:37:16,357728 13,16595516 ,0001886 87,8993 102,9198 80,5937 40,3620 0 C 44059 88 1 -,20503E-2 -,783E-5 0 0,253 OneWeb-E
ONEWEB-0007 2019-010D 2023-03-29T04:40:14,357568 13,15551520 ,0001829 87,9033 133,3642 112,7055 277,4831 0 C 44060 88 1 -,54004E-2 -,2031E-4 0 0,259 OneWeb-E
ONEWEB-0006 2019-010E 2023-03-29T00:44:46,358304 13,15546126 ,0002049 87,9039 133,3968 109,0506 287,2752 0 C 44061 88 1 ,79709E-2 ,2997E-4 0 0,264 OneWeb-E
ONEWEB-0011 2019-010F 2023-03-29T04:03:46,357920 13,15552651 ,0001696 87,9041 133,3640 98,3426 291,3293 0 C 44062 88 1 -,75671E-2 -,2845E-4 0 0,255 OneWeb-E
ONEWEB-0013 2020-008A 2023-03-29T02:23:43,357632 13,09372027 ,000072 87,9079 288,0058 85,2697 359,4876 0 C 45131 88 1 ,87997E-3 ,302E-5 0 0,259 OneWeb-E
ONEWEB-0017 2020-008B 2023-03-29T04:37:46,357824 13,10380418 ,0001876 87,8761 269,9039 98,7348 5,6511 0 C 45132 88 1 -,35101E-2 -,1224E-4 0 0,263 OneWeb-E
ONEWEB-0020 2020-008C 2023-03-29T03:55:45,357888 13,10369436 ,0001936 87,8744 269,8983 89,7507 16,7767 0 C 45133 88 1 -,8206E-2 -,2861E-4 0 0,265 OneWeb-E
ONEWEB-0021 2020-008D 2023-03-28T22:50:42,357696 13,10371134 ,0001568 87,8698 269,9623 98,6877 23,0039 0 C 45134 87 1 ,45079E-2 ,1572E-4 0 0,260 OneWeb-E
ONEWEB-0022 2020-008E 2023-03-28T21:38:15,357696 13,10373634 ,0002134 87,8760 269,9615 94,9677 31,7913 0 C 45135 87 1 ,11606E-1 ,4047E-4 0 0,265 OneWeb-E
ONEWEB-0023 2020-008F 2023-03-29T06:01:43,359456 13,10377018 ,0001568 87,8717 269,8904 73,4855 320,4538 0 C 45136 88 1 ,48807E-3 ,17E-5 0 0,255 OneWeb-E
ONEWEB-0024 2020-008G 2023-03-29T00:13:42,357792 13,10370718 ,0001661 87,8832 270,0064 98,0989 8,8077 0 C 45137 88 1 -,764E-3 -,266E-5 0 0,256 OneWeb-E
ONEWEB-0025 2020-008H 2023-03-29T00:37:44,358240 13,10376450 ,0001237 87,8749 269,9379 97,7305 7,0527 0 C 45138 88 1 -,2176E-2 -,759E-5 0 0,257 OneWeb-E
ONEWEB-0026 2020-008J 2023-03-29T05:11:45,358080 13,11416408 ,0001819 87,8873 254,6387 100,4862 354,6073 0 C 45139 88 1 -,15418E-3 -,55E-6 0 0,255 OneWeb-E
ONEWEB-0028 2020-008K 2023-03-29T04:11:16,357632 13,11414282 ,000114 87,8875 254,6960 118,6898 349,9775 0 C 45140 88 1 -,3828E-3 -,135E-5 0 0,261 OneWeb-E
ONEWEB-0032 2020-008L 2023-03-28T21:26:15,357984 13,10375444 ,0001675 87,8825 269,9638 100,3300 23,9828 0 C 45141 87 1 ,10414E-1 ,3631E-4 0 0,264 OneWeb-E
ONEWEB-0033 2020-008M 2023-03-29T04:04:45,357888 13,10375995 ,0002033 87,8835 269,9149 95,3054 11,3380 0 C 45142 88 1 -,83796E-2 -,2922E-4 0 0,265 OneWeb-E
ONEWEB-0035 2020-008N 2023-03-28T21:35:42,358848 13,10375115 ,0001743 87,8756 269,9759 91,6980 34,1454 0 C 45143 87 1 ,11449E-1 ,3992E-4 0 0,265 OneWeb-E
ONEWEB-0036 2020-008P 2023-03-29T04:35:43,357920 13,10380397 ,0001646 87,8766 269,8704 88,0657 17,0262 0 C 45144 88 1 -,39379E-2 -,1373E-4 0 0,263 OneWeb-E
ONEWEB-0038 2020-008Q 2023-03-28T23:42:14,357952 13,11424806 ,000121 87,8840 254,6933 130,8624 335,1125 0 C 45145 87 1 -,19379E-2 -,686E-5 0 0,258 OneWeb-E
ONEWEB-0039 2020-008R 2023-03-28T22:44:12,358464 13,10362641 ,000113 87,8752 269,9529 92,9580 29,5114 0 C 45146 87 1 ,42985E-2 ,1498E-4 0 0,260 OneWeb-E
ONEWEB-0040 2020-008S 2023-03-29T04:00:16,358400 13,10370743 ,0001491 87,8710 269,9003 86,4072 20,2478 0 C 45147 88 1 -,83703E-2 -,2918E-4 0 0,265 OneWeb-E
ONEWEB-0043 2020-008U 2023-03-28T22:37:12,357696 13,10319766 ,0001413 87,8749 269,9581 82,1716 39,4051 0 C 45149 87 1 ,86598E-1 ,30182E-3 0 0,522 OneWeb-E
ONEWEB-0044 2020-008V 2023-03-28T21:29:16,358208 13,10375138 ,000119 87,8757 269,9664 93,4972 33,3299 0 C 45150 87 1 ,10735E-1 ,3743E-4 0 0,264 OneWeb-E
ONEWEB-0045 2020-008W 2023-03-29T03:09:46,357920 13,11423075 ,0001728 87,8930 254,7315 103,9082 290,2999 0 C 45151 88 1 -,51346E-2 -,1818E-4 0 0,264 OneWeb-E
ONEWEB-0047 2020-008X 2023-03-29T02:41:14,358336 13,10382443 ,0001547 87,8760 269,9226 92,6779 12,2357 0 C 45152 88 1 -,60308E-2 -,2103E-4 0 0,267 OneWeb-E
ONEWEB-0048 2020-008Y 2023-03-29T04:25:12,357984 13,10374825 ,0001539 87,8761 269,9146 84,5976 22,8794 0 C 45153 88 1 -,61979E-2 -,2161E-4 0 0,264 OneWeb-E
ONEWEB-0049 2020-008Z 2023-03-29T05:54:43,358688 13,10381149 ,0001651 87,8766 269,8650 79,8716 313,2895 0 C 45154 88 1 -,10155E-2 -,354E-5 0 0,255 OneWeb-E
ONEWEB-0051 2020-008AA 2023-03-29T03:34:12,357696 13,11423273 ,0001718 87,8887 254,6790 103,0504 21,8195 0 C 45155 88 1 -,52445E-2 -,1857E-4 0 0,264 OneWeb-E
ONEWEB-0052 2020-008AB 2023-03-28T22:57:12,357792 13,10373371 ,000161 87,8766 269,9052 58,2987 62,6293 0 C 45156 87 1 ,50288E-2 ,1753E-4 0 0,260 OneWeb-E
ONEWEB-0053 2020-008AC 2023-03-28T22:32:42,357696 13,10370903 ,0001481 87,8746 269,9735 91,1537 30,3877 0 C 45157 87 1 ,48118E-2 ,1678E-4 0 0,261 OneWeb-E
ONEWEB-0054 2020-008AD 2023-03-29T01:07:42,357792 13,10380194 ,0001876 87,8755 269,9402 98,8336 8,3651 0 C 45158 88 1 ,20048E-3 ,7E-6 0 0,259 OneWeb-E
ONEWEB-0056 2020-008AE 2023-03-28T22:55:13,359072 13,10377036 ,000149 87,8758 269,9540 89,8265 31,8563 0 C 45159 87 1 ,48087E-2 ,1677E-4 0 0,260 OneWeb-E
ONEWEB-0057 2020-008AF 2023-03-29T00:55:42,358080 13,10381734 ,0001332 87,8763 269,9252 101,1699 25,6015 0 C 45160 88 1 -,19871E-2 -,693E-5 0 0,258 OneWeb-E
ONEWEB-0058 2020-008AG 2023-03-29T04:10:42,358368 13,10376471 ,0001558 87,8758 269,9389 101,0150 3,0501 0 C 45161 88 1 -,80394E-2 -,2803E-4 0 0,265 OneWeb-E
ONEWEB-0059 2020-008AH 2023-03-28T22:41:16,358208 13,10369067 ,0001618 87,8753 269,9645 102,8554 17,2701 0 C 45162 87 1 ,43448E-2 ,1515E-4 0 0,261 OneWeb-E
ONEWEB-0062 2020-008AJ 2023-03-28T21:30:45,357984 13,10374273 ,000164 87,8757 269,9621 82,9980 41,2406 0 C 45163 87 1 ,11008E-1 ,3838E-4 0 0,264 OneWeb-E
ONEWEB-0065 2020-008AK 2023-03-29T04:13:46,358400 13,10377883 ,000153 87,8759 269,8946 91,1078 15,6001 0 C 45164 88 1 -,78154E-2 -,2725E-4 0 0,264 OneWeb-E
ONEWEB-0066 2020-020A 2023-03-29T06:42:43,358400 13,11413888 ,0001843 87,8828 254,6497 116,6880 340,0632 0 C 45424 88 1 ,3664E-2 ,1297E-4 0 0,255 OneWeb-E
ONEWEB-0067 2020-020B 2023-03-29T05:28:46,358976 13,11418781 ,0001605 87,8826 254,6489 104,6940 353,1834 0 C 45425 88 1 ,34809E-2 ,1232E-4 0 0,255 OneWeb-E
ONEWEB-0080 2020-020C 2023-03-28T22:35:42,358272 13,11410478 ,0001926 87,8821 254,7167 114,1408 308,4817 0 C 45426 87 1 ,5613E-2 ,1987E-4 0 0,258 OneWeb-E
ONEWEB-0090 2020-020D 2023-03-28T21:27:43,358976 13,11409921 ,00017 87,8789 254,7287 102,9778 17,5038 0 C 45427 87 1 ,52538E-2 ,186E-4 0 0,262 OneWeb-E
ONEWEB-0061 2020-020E 2023-03-29T05:25:13,357920 13,11419106 ,0001436 87,8837 254,6440 103,3304 353,5049 0 C 45428 88 1 ,27649E-2 ,979E-5 0 0,255 OneWeb-E
ONEWEB-0081 2020-020F 2023-03-28T23:32:16,357632 13,11420338 ,000143 87,8831 254,7152 109,4199 355,6359 0 C 45429 87 1 -,22993E-2 -,814E-5 0 0,257 OneWeb-E
ONEWEB-0069 2020-020G 2023-03-29T01:05:16,358208 13,11417074 ,0001689 87,8817 254,7032 107,4136 355,3734 0 C 45430 88 1 -,72286E-2 -,2559E-4 0 0,265 OneWeb-E
ONEWEB-0031 2020-020H 2023-03-29T02:16:43,357728 13,11413651 ,0001667 87,8822 254,6774 94,2026 9,6767 0 C 45431 88 1 -,35363E-2 -,1252E-4 0 0,269 OneWeb-E
ONEWEB-0027 2020-020J 2023-03-28T22:20:13,358688 13,17646561 ,0002037 87,9109 239,5421 95,9065 39,3674 0 C 45432 87 1 -,99403E-3 -,385E-5 0 0,260 OneWeb-E
ONEWEB-0064 2020-020K 2023-03-29T00:23:44,358432 13,11415498 ,0002191 87,8819 254,7202 99,6176 4,6219 0 C 45433 88 1 -,15058E-3 -,53E-6 0 0,261 OneWeb-E
ONEWEB-0018 2020-020L 2023-03-29T04:26:44,358432 13,11414562 ,0001589 87,8827 254,6617 106,5519 285,6945 0 C 45434 88 1 -,42564E-2 -,1507E-4 0 0,256 OneWeb-E
ONEWEB-0083 2020-020M 2023-03-28T21:18:46,357920 13,11409015 ,0001666 87,8812 254,7226 97,6288 25,3258 0 C 45435 87 1 ,66949E-2 ,237E-4 0 0,263 OneWeb-E
ONEWEB-0095 2020-020N 2023-03-29T06:14:13,000416 13,11408066 ,0001634 87,8818 254,6718 88,0119 7,9611 0 C 45436 88 1 ,4958E-2 ,1755E-4 0 0,255 OneWeb-E
ONEWEB-0092 2020-020P 2023-03-29T03:35:12,358176 13,11421554 ,0001617 87,8835 254,6747 89,8282 17,0281 0 C 45437 88 1 -,40021E-2 -,1417E-4 0 0,264 OneWeb-E
ONEWEB-0085 2020-020Q 2023-03-29T06:09:46,357920 13,11408649 ,0001723 87,8812 254,6700 108,8719 345,7415 0 C 45438 88 1 ,53225E-2 ,1884E-4 0 0,255 OneWeb-E
ONEWEB-0096 2020-020R 2023-03-28T21:21:43,357824 13,11412074 ,0001496 87,8812 254,7209 108,6940 13,2660 0 C 45439 87 1 ,61537E-2 ,2178E-4 0 0,262 OneWeb-E
ONEWEB-0037 2020-020S 2023-03-29T00:33:45,357696 13,11415369 ,0001578 87,8810 254,6911 98,2535 7,0142 0 C 45440 88 1 -,15834E-2 -,56E-5 0 0,262 OneWeb-E
ONEWEB-0042 2020-020T 2023-03-29T03:47:42,357696 13,11419398 ,0001438 87,8826 254,6722 96,6291 8,8824 0 C 45441 88 1 -,16171E-2 -,572E-5 0 0,263 OneWeb-E
ONEWEB-0098 2020-020U 2023-03-29T02:26:13,358400 13,11413782 ,0001769 87,8820 254,6838 109,7126 353,5446 0 C 45442 88 1 -,45684E-2 -,1617E-4 0 0,268 OneWeb-E
ONEWEB-0055 2020-020V 2023-03-29T01:50:42,357696 13,11408139 ,0001703 87,8830 254,6919 103,7919 311,9987 0 C 45443 88 1 -,2732E-2 -,967E-5 0 0,268 OneWeb-E
ONEWEB-0093 2020-020W 2023-03-28T21:54:12,357792 13,11422744 ,0001646 87,8828 254,7247 109,6788 12,9075 0 C 45444 87 1 ,16313E-2 ,578E-5 0 0,253 OneWeb-E
ONEWEB-0029 2020-020X 2023-03-29T03:43:44,357664 13,11422581 ,0001506 87,8832 254,6724 105,2512 342,0273 0 C 45445 88 1 -,15243E-2 -,54E-5 0 0,263 OneWeb-E
ONEWEB-0068 2020-020Y 2023-03-28T21:30:12,358368 13,11415209 ,0001674 87,8823 254,7246 113,1548 327,7552 0 C 45446 87 1 ,48849E-2 ,1729E-4 0 0,262 OneWeb-E
ONEWEB-0046 2020-020Z 2023-03-28T21:37:12,358272 13,11411740 ,0001567 87,8821 254,7352 95,4276 24,4048 0 C 45447 87 1 ,44282E-2 ,1567E-4 0 0,261 OneWeb-E
ONEWEB-0063 2020-020AA 2023-03-29T05:31:43,358016 13,11417549 ,0001568 87,8835 254,6539 89,2085 7,7284 0 C 45448 88 1 ,41167E-2 ,1457E-4 0 0,256 OneWeb-E
ONEWEB-0019 2020-020AB 2023-03-29T04:36:15,357888 13,11416435 ,0001817 87,8826 254,6686 98,7485 293,0259 0 C 45449 88 1 -,37909E-2 -,1342E-4 0 0,256 OneWeb-E
ONEWEB-0094 2020-020AC 2023-03-29T03:38:15,357696 13,17647778 ,0001684 87,9223 239,5512 105,2098 2,2805 0 C 45450 88 1 -,19875E-2 -,771E-5 0 0,259 OneWeb-E
ONEWEB-0087 2020-020AD 2023-03-29T03:35:13,357824 13,11416866 ,0001393 87,8761 254,6178 109,0254 283,8267 0 C 45451 88 1 -,12804E-2 -,453E-5 0 0,263 OneWeb-E
ONEWEB-0082 2020-020AE 2023-03-29T04:00:46,358208 13,11416548 ,000176 87,8827 254,6414 104,3073 1,5725 0 C 45452 88 1 -,35772E-3 -,127E-5 0 0,262 OneWeb-E
ONEWEB-0050 2020-020AF 2023-03-29T01:23:12,357888 15,00345512 ,0022872 87,5392 151,0203 249,6494 204,4361 0 C 45453 88 1 ,97694E-3 ,1229E-3 0 0,341 OneWeb-E
ONEWEB-0034 2020-020AG 2023-03-29T04:27:43,358400 13,11412920 ,0001533 87,8817 254,6570 105,0543 4,5479 0 C 45454 88 1 -,16842E-2 -,596E-5 0 0,259 OneWeb-E
ONEWEB-0060 2020-020AH 2023-03-29T06:18:12,357792 13,11409311 ,0001645 87,8814 254,6509 100,6124 334,0160 0 C 45455 88 1 ,36228E-2 ,1282E-4 0 0,254 OneWeb-E
ONEWEB-0086 2020-020AJ 2023-03-29T06:52:14,357856 13,11417428 ,000157 87,8832 254,6410 105,9674 350,1738 0 C 45456 88 1 ,44654E-2 ,1581E-4 0 0,256 OneWeb-E
ONEWEB-0088 2020-020AK 2023-03-29T04:31:16,357728 13,11410535 ,0001462 87,8806 254,6551 100,9811 9,7187 0 C 45457 88 1 -,19766E-2 -,7E-5 0 0,258 OneWeb-E
ONEWEB-0102 2020-100A 2023-03-29T04:43:16,358304 13,12440581 ,0002057 87,9029 224,2919 108,8383 348,6114 0 C 47258 88 1 ,37166E-2 ,1335E-4 0 0,255 OneWeb-E
ONEWEB-0109 2020-100B 2023-03-29T05:00:43,000128 13,12444452 ,0001707 87,8997 224,2921 106,7512 357,8864 0 C 47259 88 1 ,54555E-2 ,196E-4 0 0,258 OneWeb-E
ONEWEB-0110 2020-100C 2023-03-29T07:03:15,358464 13,12443822 ,0001935 87,8991 224,2457 110,9526 285,4809 0 C 47260 88 1 ,99047E-2 ,3559E-4 0 0,263 OneWeb-E
ONEWEB-0111 2020-100D 2023-03-29T04:27:43,359264 13,12438690 ,0001904 87,8983 224,2506 107,2264 349,2394 0 C 47261 88 1 ,37946E-2 ,1363E-4 0 0,255 OneWeb-E
ONEWEB-0114 2020-100E 2023-03-29T03:23:42,358272 13,12445672 ,0002316 87,8998 224,2847 96,7072 359,7191 0 C 47262 88 1 ,25954E-2 ,933E-5 0 0,256 OneWeb-E
ONEWEB-0117 2020-100F 2023-03-28T21:44:42,357984 13,12449433 ,0001693 87,9001 224,3596 105,2118 359,6215 0 C 47263 87 1 -,1687E-2 -,606E-5 0 0,258 OneWeb-E
ONEWEB-0118 2020-100G 2023-03-29T03:56:46,358016 13,12435909 ,0002053 87,8989 224,2621 84,9812 9,9461 0 C 47264 88 1 ,61937E-2 ,2225E-4 0 0,257 OneWeb-E
ONEWEB-0119 2020-100H 2023-03-29T04:37:14,357856 13,12438303 ,0001732 87,9025 224,2927 109,1536 348,5556 0 C 47265 88 1 ,3562E-2 ,128E-4 0 0,255 OneWeb-E
ONEWEB-0120 2020-100J 2023-03-29T08:49:13,358208 13,12450634 ,0001881 87,8961 224,2575 99,3656 319,5953 0 C 47266 88 1 ,19189E-2 ,69E-5 0 0,251 OneWeb-E
ONEWEB-0121 2020-100K 2023-03-29T08:16:44,358240 13,12446119 ,0001652 87,8990 224,2481 110,3185 287,1184 0 C 47267 88 1 ,93513E-3 ,336E-5 0 0,252 OneWeb-E
ONEWEB-0122 2020-100L 2023-03-29T04:49:16,359456 13,12441491 ,0001916 87,8992 224,2728 107,4925 359,6425 0 C 47268 88 1 ,40593E-2 ,1459E-4 0 0,256 OneWeb-E
ONEWEB-0123 2020-100M 2023-03-29T01:03:16,358976 13,12445213 ,0001739 87,9019 224,3221 105,3339 0,6890 0 C 47269 88 1 -,80615E-2 -,2897E-4 0 0,266 OneWeb-E
ONEWEB-0124 2020-100N 2023-03-29T04:03:16,358112 13,12435287 ,0001636 87,8981 224,2845 119,8852 276,4255 0 C 47270 88 1 ,30905E-2 ,111E-4 0 0,254 OneWeb-E
ONEWEB-0125 2020-100P 2023-03-29T02:01:44,357952 13,12442148 ,0001844 87,8989 224,3186 101,9247 5,7486 0 C 47271 88 1 -,26785E-3 -,96E-6 0 0,263 OneWeb-E
ONEWEB-0126 2020-100Q 2023-03-29T02:39:12,358080 13,12438651 ,0001912 87,8984 224,3091 105,2255 0,3880 0 C 47272 88 1 -,27299E-2 -,981E-5 0 0,257 OneWeb-E
ONEWEB-0127 2020-100R 2023-03-29T03:32:46,357728 13,12442829 ,000182 87,9032 224,2882 103,0959 353,1314 0 C 47273 88 1 ,44546E-2 ,1601E-4 0 0,256 OneWeb-E
ONEWEB-0128 2020-100S 2023-03-29T00:26:15,357984 13,12439121 ,0001985 87,8975 224,2976 116,5684 348,0393 0 C 47274 88 1 -,45373E-2 -,163E-4 0 0,269 OneWeb-E
ONEWEB-0129 2020-100T 2023-03-29T03:35:45,357792 13,12441640 ,0003366 87,8993 224,3140 87,5718 8,3964 0 C 47275 88 1 ,49487E-2 ,1778E-4 0 0,256 OneWeb-E
ONEWEB-0130 2020-100U 2023-03-29T04:15:16,357824 13,12435776 ,0001812 87,8981 224,3022 109,2662 356,3638 0 C 47276 88 1 ,52558E-2 ,1888E-4 0 0,256 OneWeb-E
ONEWEB-0131 2020-100V 2023-03-29T04:09:15,357888 13,12434714 ,0001732 87,8980 224,2477 111,8382 344,0689 0 C 47277 88 1 ,53456E-2 ,1921E-4 0 0,256 OneWeb-E
ONEWEB-0132 2020-100W 2023-03-28T21:35:43,357632 13,12449403 ,0001929 87,8995 224,3034 102,5626 2,8663 0 C 47278 87 1 -,226E-2 -,812E-5 0 0,258 OneWeb-E
ONEWEB-0133 2020-100X 2023-03-28T22:00:15,357888 13,12449867 ,0001719 87,8989 224,3393 108,9316 356,8735 0 C 47279 87 1 -,25847E-3 -,93E-6 0 0,260 OneWeb-E
ONEWEB-0134 2020-100Y 2023-03-29T00:53:46,358304 13,12443420 ,0002007 87,8981 224,2998 112,5995 352,2709 0 C 47280 88 1 -,78487E-2 -,282E-4 0 0,266 OneWeb-E
ONEWEB-0135 2020-100Z 2023-03-29T03:45:14,357952 13,12442303 ,0001889 87,9023 224,2834 108,5624 348,4443 0 C 47281 88 1 ,60429E-2 ,2171E-4 0 0,257 OneWeb-E
ONEWEB-0136 2020-100AA 2023-03-29T03:56:12,358752 13,12436702 ,0002356 87,8980 224,3125 114,2348 278,8565 0 C 47282 88 1 ,35528E-2 ,1276E-4 0 0,254 OneWeb-E
ONEWEB-0137 2020-100AB 2023-03-29T03:19:15,358080 13,12445673 ,0001798 87,8998 224,2827 100,4022 1,4566 0 C 47283 88 1 ,13192E-2 ,474E-5 0 0,255 OneWeb-E
ONEWEB-0138 2020-100AC 2023-03-29T04:33:13,358016 13,12438821 ,0001859 87,8985 224,2839 106,1856 348,3367 0 C 47284 88 1 ,3533E-2 ,1269E-4 0 0,255 OneWeb-E
ONEWEB-0139 2020-100AD 2023-03-29T02:14:42,357984 13,12439197 ,0001908 87,8985 224,3416 111,0093 19,2320 0 C 47285 88 1 -,24939E-4 -,9E-7 0 0,262 OneWeb-E
ONEWEB-0140 2020-100AE 2023-03-29T04:24:13,358016 13,12436833 ,0001891 87,8983 224,2588 110,4164 344,5382 0 C 47286 88 1 ,3962E-2 ,1423E-4 0 0,255 OneWeb-E
ONEWEB-0141 2020-100AF 2023-03-29T01:04:43,357728 13,12447373 ,0001587 87,8996 224,2848 91,6600 324,0587 0 C 47287 88 1 -,67103E-2 -,2411E-4 0 0,265 OneWeb-E
ONEWEB-0142 2020-100AG 2023-03-28T21:25:15,358368 13,12447069 ,0001841 87,8993 224,3661 102,9147 353,1951 0 C 47288 87 1 -,19931E-2 -,716E-5 0 0,257 OneWeb-E
ONEWEB-0143 2020-100AH 2023-03-29T03:38:44,357856 13,12442452 ,0001695 87,8992 224,2753 106,6508 349,1340 0 C 47289 88 1 ,54036E-2 ,1942E-4 0 0,256 OneWeb-E
ONEWEB-0144 2020-100AJ 2023-03-29T04:52:15,357792 13,12443376 ,0002024 87,8993 224,2811 109,7724 357,0908 0 C 47290 88 1 ,43133E-2 ,155E-4 0 0,256 OneWeb-E
ONEWEB-0145 2020-100AK 2023-03-29T02:20:12,358464 13,12438505 ,0001814 87,8974 224,3020 103,6364 4,6027 0 C 47291 88 1 -,10105E-2 -,363E-5 0 0,260 OneWeb-E
ONEWEB-0146 2020-100AL 2023-03-29T00:23:14,357760 13,12442104 ,0001221 87,8986 224,3314 114,4845 350,1687 0 C 47292 88 1 -,4142E-2 -,1488E-4 0 0,269 OneWeb-E
ONEWEB-0147 2020-100AM 2023-03-29T01:27:46,358208 13,12450802 ,0002169 87,8997 224,2845 112,5017 353,8739 0 C 47293 88 1 -,52282E-2 -,1879E-4 0 0,264 OneWeb-E
ONEWEB-0115 2021-025A 2023-03-28T22:32:45,359232 13,13467183 ,0001725 87,9098 194,0255 115,1306 350,1630 0 C 48042 87 1 -,54178E-2 -,1976E-4 0 0,268 OneWeb-E
ONEWEB-0152 2021-025B 2023-03-29T04:18:45,360288 13,13466970 ,0001945 87,9098 193,9662 113,1256 347,6760 0 C 48043 88 1 ,58574E-2 ,2136E-4 0 0,262 OneWeb-E
ONEWEB-0153 2021-025C 2023-03-29T01:55:15,358368 13,13465266 ,0001973 87,9103 193,9753 107,6283 352,1550 0 C 48044 88 1 ,62593E-2 ,2283E-4 0 0,257 OneWeb-E
ONEWEB-0154 2021-025D 2023-03-29T01:55:12,359424 13,13467456 ,0001925 87,9100 193,9874 109,2725 0,3791 0 C 48045 88 1 ,64429E-2 ,235E-4 0 0,258 OneWeb-E
ONEWEB-0116 2021-025E 2023-03-29T06:13:15,358656 13,13474325 ,0001609 87,9076 193,9416 114,3872 282,1859 0 C 48046 88 1 ,80616E-3 ,294E-5 0 0,252 OneWeb-E
ONEWEB-0150 2021-025F 2023-03-29T01:53:16,358784 13,13464015 ,0001977 87,9092 193,9872 103,3314 289,9783 0 C 48047 88 1 ,3719E-2 ,1356E-4 0 0,255 OneWeb-E
ONEWEB-0107 2021-025G 2023-03-29T04:06:13,358016 13,13462941 ,0002164 87,9092 193,9679 99,5523 0,0300 0 C 48048 88 1 ,75471E-2 ,2752E-4 0 0,263 OneWeb-E
ONEWEB-0101 2021-025H 2023-03-28T23:36:45,357984 13,13472935 ,0002109 87,9109 194,0117 107,6424 357,6187 0 C 48049 87 1 -,3322E-2 -,1212E-4 0 0,264 OneWeb-E
ONEWEB-0113 2021-025J 2023-03-29T04:30:42,359328 13,13470190 ,000179 87,9105 194,0088 115,6464 344,3798 0 C 48050 88 1 ,49208E-2 ,1795E-4 0 0,261 OneWeb-E
ONEWEB-0112 2021-025K 2023-03-29T00:12:45,357984 13,13465088 ,0001819 87,9093 193,9984 108,1035 285,3772 0 C 48051 88 1 -,35583E-2 -,1298E-4 0 0,259 OneWeb-E
ONEWEB-0156 2021-025L 2023-03-29T07:49:13,357920 13,13470950 ,0001855 87,9103 193,9636 108,0160 293,5184 0 C 48052 88 1 -,69163E-2 -,2523E-4 0 0,252 OneWeb-E
ONEWEB-0161 2021-025M 2023-03-29T00:17:14,359200 13,13466481 ,0002057 87,9089 194,0067 104,3639 23,7218 0 C 48053 88 1 -,18763E-3 -,68E-6 0 0,262 OneWeb-E
ONEWEB-0158 2021-025N 2023-03-29T06:15:43,358400 13,13472812 ,0001651 87,9111 193,9844 117,3739 277,2531 0 C 48054 88 1 ,89439E-3 ,326E-5 0 0,252 OneWeb-E
ONEWEB-0157 2021-025P 2023-03-29T01:42:42,359040 13,13467652 ,000203 87,9105 193,9860 101,5648 7,0561 0 C 48055 88 1 ,55892E-2 ,2039E-4 0 0,257 OneWeb-E
ONEWEB-0162 2021-025Q 2023-03-29T04:24:42,359040 13,13468227 ,0001803 87,9097 193,9649 107,6660 352,6691 0 C 48056 88 1 ,52628E-2 ,192E-4 0 0,261 OneWeb-E
ONEWEB-0155 2021-025R 2023-03-28T21:37:15,358080 13,13473961 ,0001914 87,9109 194,0240 107,7842 355,4028 0 C 48057 87 1 -,61365E-2 -,2238E-4 0 0,268 OneWeb-E
ONEWEB-0149 2021-025S 2023-03-29T00:04:14,359008 13,13470978 ,0001684 87,9102 194,0030 95,3061 30,2046 0 C 48058 88 1 -,24004E-3 -,88E-6 0 0,263 OneWeb-E
ONEWEB-0148 2021-025T 2023-03-29T06:04:16,359168 13,13470088 ,0002002 87,9104 193,9607 82,5445 314,4868 0 C 48059 88 1 ,10882E-2 ,397E-5 0 0,253 OneWeb-E
ONEWEB-0160 2021-025U 2023-03-28T23:30:46,358208 13,13474241 ,0001228 87,9111 194,0126 145,6944 319,9688 0 C 48060 87 1 -,45262E-2 -,1651E-4 0 0,264 OneWeb-E
ONEWEB-0163 2021-025V 2023-03-29T07:57:42,358464 13,13472178 ,0002253 87,9104 193,9319 100,3322 299,0433 0 C 48061 88 1 -,76781E-2 -,28E-4 0 0,253 OneWeb-E
ONEWEB-0159 2021-025W 2023-03-29T04:21:46,358784 13,13467612 ,0002207 87,9103 193,9812 98,3509 2,3658 0 C 48062 88 1 ,55383E-2 ,202E-4 0 0,262 OneWeb-E
ONEWEB-0164 2021-025X 2023-03-28T22:25:45,359328 13,13464448 ,0001985 87,9096 194,0055 116,6293 345,5858 0 C 48063 87 1 -,36911E-2 -,1346E-4 0 0,268 OneWeb-E
ONEWEB-0167 2021-025Y 2023-03-29T00:46:12,358272 13,13473513 ,0002073 87,9106 193,9939 102,4037 315,8420 0 C 48064 88 1 -,289E-2 -,1054E-4 0 0,256 OneWeb-E
ONEWEB-0166 2021-025Z 2023-03-29T05:09:45,358848 13,13472853 ,0001834 87,9106 193,9582 100,2633 357,7871 0 C 48065 88 1 ,80438E-2 ,2934E-4 0 0,262 OneWeb-E
ONEWEB-0151 2021-025AA 2023-03-28T22:03:12,999744 13,13473127 ,0001972 87,9107 194,0194 115,2884 13,0056 0 C 48066 87 1 -,408E-2 -,1488E-4 0 0,270 OneWeb-E
ONEWEB-0170 2021-025AB 2023-03-29T05:03:14,358240 13,13469997 ,0001959 87,9105 193,9598 132,2747 264,4427 0 C 48067 88 1 ,96757E-2 ,3529E-4 0 0,263 OneWeb-E
ONEWEB-0168 2021-025AC 2023-03-29T05:04:46,360416 13,13474213 ,0001816 87,9114 193,9974 103,2083 8,5863 0 C 48068 88 1 ,68063E-2 ,2483E-4 0 0,261 OneWeb-E
ONEWEB-0173 2021-025AD 2023-03-28T21:34:16,358016 13,13476048 ,0002432 87,9114 194,0720 109,1850 354,1489 0 C 48069 87 1 -,65611E-2 -,2393E-4 0 0,268 OneWeb-E
ONEWEB-0171 2021-025AE 2023-03-29T00:14:12,359328 13,13468546 ,0001914 87,9102 194,0096 102,7675 5,4602 0 C 48070 88 1 -,56807E-3 -,207E-5 0 0,262 OneWeb-E
ONEWEB-0172 2021-025AF 2023-03-29T03:12:44,358336 13,13471731 ,0002248 87,9103 193,9695 113,6340 305,3568 0 C 48071 88 1 ,92942E-2 ,339E-4 0 0,262 OneWeb-E
ONEWEB-0174 2021-025AG 2023-03-29T06:20:14,358048 13,13469101 ,0001677 87,9101 193,9617 89,4158 310,0290 0 C 48072 88 1 ,86157E-3 ,314E-5 0 0,252 OneWeb-E
ONEWEB-0175 2021-025AH 2023-03-29T01:49:16,357728 13,13467435 ,0002104 87,9099 193,9847 122,8402 337,2774 0 C 48073 88 1 ,62018E-2 ,2262E-4 0 0,257 OneWeb-E
ONEWEB-0177 2021-025AJ 2023-03-29T02:07:16,357728 13,13461684 ,0002514 87,9094 193,9831 100,4105 358,8597 0 C 48074 88 1 ,5579E-2 ,2035E-4 0 0,257 OneWeb-E
ONEWEB-0178 2021-025AK 2023-03-29T07:51:43,357824 13,13469131 ,0002085 87,9099 193,9417 103,7181 321,0148 0 C 48075 88 1 -,6767E-2 -,2468E-4 0 0,253 OneWeb-E
ONEWEB-0108 2021-025AL 2023-03-28T21:58:12,358848 13,13475413 ,0001623 87,9104 194,0181 106,6275 355,1341 0 C 48076 87 1 -,34522E-2 -,1259E-4 0 0,269 OneWeb-E
ONEWEB-0169 2021-025AM 2023-03-29T01:59:43,358208 13,13437118 ,0001388 87,9096 193,9816 102,0466 292,4494 0 C 48077 88 1 -,2309E-2 -,842E-5 0 0,576 OneWeb-E
ONEWEB-0176 2021-031A 2023-03-29T00:38:46,358016 13,14500762 ,0002138 87,9103 163,7105 104,2091 354,0042 0 C 48210 88 1 ,34752E-2 ,1287E-4 0 0,256 OneWeb-E
ONEWEB-0184 2021-031B 2023-03-28T22:15:42,358176 13,14499371 ,0002801 87,9101 163,7051 129,2981 339,0042 0 C 48211 87 1 -,70975E-3 -,263E-5 0 0,262 OneWeb-E
ONEWEB-0179 2021-031C 2023-03-29T02:40:46,357824 13,14505981 ,0002295 87,9111 163,6666 99,7096 309,2364 0 C 48212 88 1 ,69249E-2 ,2564E-4 0 0,263 OneWeb-E
ONEWEB-0180 2021-031D 2023-03-29T00:04:15,357792 13,14496561 ,0002182 87,9101 163,6867 100,8412 353,9789 0 C 48213 88 1 ,55252E-2 ,2046E-4 0 0,257 OneWeb-E
ONEWEB-0218 2021-031E 2023-03-29T00:35:13,357824 13,14500582 ,0003188 87,9101 163,6901 120,5409 336,0457 0 C 48214 88 1 ,34328E-2 ,1271E-4 0 0,256 OneWeb-E
ONEWEB-0209 2021-031F 2023-03-29T03:40:13,357632 13,14501250 ,0002133 87,9102 163,6983 102,1741 292,0088 0 C 48215 88 1 ,43079E-2 ,1595E-4 0 0,257 OneWeb-E
ONEWEB-0198 2021-031G 2023-03-29T03:25:16,359744 13,14498531 ,0002673 87,9103 163,7106 109,1225 305,8963 0 C 48216 88 1 ,78523E-2 ,2908E-4 0 0,261 OneWeb-E
ONEWEB-0189 2021-031H 2023-03-29T04:01:16,358880 13,14498813 ,0002653 87,9097 163,6899 106,6084 6,6671 0 C 48217 88 1 ,32264E-2 ,1195E-4 0 0,255 OneWeb-E
ONEWEB-0196 2021-031J 2023-03-28T23:50:14,359200 13,14497367 ,0002163 87,9107 163,7120 109,0229 359,7729 0 C 48218 87 1 ,6196E-2 ,2294E-4 0 0,258 OneWeb-E
ONEWEB-0183 2021-031K 2023-03-29T06:04:42,357792 13,14509339 ,000203 87,9112 163,6804 100,6544 288,0249 0 C 48219 88 1 -,75558E-2 -,2798E-4 0 0,254 OneWeb-E
ONEWEB-0185 2021-031L 2023-03-29T03:21:45,357984 13,14495579 ,000217 87,9106 163,6788 100,2644 338,2754 0 C 48220 88 1 ,85392E-2 ,3162E-4 0 0,262 OneWeb-E
ONEWEB-0187 2021-031M 2023-03-29T02:44:42,999648 13,14504623 ,0002151 87,9114 163,7100 101,3741 335,4789 0 C 48221 88 1 ,59818E-2 ,2215E-4 0 0,262 OneWeb-E
ONEWEB-0192 2021-031N 2023-03-29T00:23:16,358784 13,14498670 ,0002253 87,9101 163,6749 109,8381 347,4791 0 C 48222 88 1 ,39615E-2 ,1467E-4 0 0,256 OneWeb-E
ONEWEB-0219 2021-031P 2023-03-28T23:59:44,358144 13,14500537 ,000218 87,9101 163,7138 100,4121 9,6454 0 C 48223 87 1 ,63204E-2 ,234E-4 0 0,258 OneWeb-E
ONEWEB-0202 2021-031Q 2023-03-29T02:46:12,358848 13,14505250 ,0003183 87,9112 163,7089 113,1493 283,6309 0 C 48224 88 1 ,82498E-2 ,3055E-4 0 0,264 OneWeb-E
ONEWEB-0204 2021-031R 2023-03-29T00:39:46,357632 13,14498229 ,0001364 87,9109 163,7514 101,5148 315,0652 0 C 48225 88 1 ,3766E-2 ,1394E-4 0 0,257 OneWeb-E
ONEWEB-0205 2021-031S 2023-03-29T03:04:14,359008 13,14501506 ,0002436 87,9109 163,6864 104,0541 301,8370 0 C 48226 88 1 ,92668E-2 ,3431E-4 0 0,263 OneWeb-E
ONEWEB-0206 2021-031T 2023-03-29T04:11:14,358336 13,14505280 ,0002104 87,9109 163,6630 96,6241 299,3692 0 C 48227 88 1 ,70019E-3 ,259E-5 0 0,253 OneWeb-E
ONEWEB-0182 2021-031U 2023-03-29T05:57:15,357888 13,14506825 ,0002183 87,9106 163,7234 99,4138 314,8042 0 C 48228 88 1 -,76112E-2 -,2818E-4 0 0,253 OneWeb-E
ONEWEB-0186 2021-031V 2023-03-29T06:07:44,357664 13,14509308 ,0002273 87,9113 163,6346 103,7658 284,8743 0 C 48229 88 1 -,74274E-2 -,275E-4 0 0,255 OneWeb-E
ONEWEB-0181 2021-031W 2023-03-29T00:29:16,358208 13,14497245 ,0002162 87,9104 163,7508 108,4087 358,5955 0 C 48230 88 1 ,39466E-2 ,1461E-4 0 0,256 OneWeb-E
ONEWEB-0188 2021-031X 2023-03-29T02:58:15,359232 13,14500742 ,0002137 87,9112 163,7307 101,1199 305,1767 0 C 48231 88 1 ,89856E-2 ,3327E-4 0 0,264 OneWeb-E
ONEWEB-0220 2021-031Y 2023-03-29T00:28:44,358240 13,14499686 ,0002353 87,9107 163,7134 97,2497 358,0372 0 C 48232 88 1 ,35686E-2 ,1321E-4 0 0,256 OneWeb-E
ONEWEB-0165 2021-031Z 2023-03-28T23:26:15,359424 13,14502491 ,000231 87,9114 163,7409 102,0435 7,9654 0 C 48233 87 1 ,24826E-2 ,919E-5 0 0,257 OneWeb-E
ONEWEB-0199 2021-031AA 2023-03-29T04:07:44,357952 13,14503388 ,0002214 87,9108 163,6767 103,0798 291,4394 0 C 48234 88 1 ,80689E-3 ,299E-5 0 0,253 OneWeb-E
ONEWEB-0203 2021-031AB 2023-03-29T00:32:13,358112 13,14496780 ,0002067 87,9104 163,7032 117,5718 339,1911 0 C 48235 88 1 ,34826E-2 ,1289E-4 0 0,256 OneWeb-E
ONEWEB-0197 2021-031AC 2023-03-29T00:12:45,357984 13,14496152 ,0002132 87,9100 163,7151 105,7205 347,0152 0 C 48236 88 1 ,46813E-2 ,1733E-4 0 0,256 OneWeb-E
ONEWEB-0194 2021-031AD 2023-03-29T02:55:15,358656 13,14506928 ,0001807 87,9113 163,6823 117,0897 299,4113 0 C 48237 88 1 ,83052E-2 ,3076E-4 0 0,263 OneWeb-E
ONEWEB-0193 2021-031AE 2023-03-29T03:19:44,359104 13,14498701 ,000225 87,9104 163,6891 109,2875 307,5258 0 C 48238 88 1 ,85597E-2 ,3169E-4 0 0,262 OneWeb-E
ONEWEB-0191 2021-031AF 2023-03-29T00:07:45,358176 13,14497972 ,0002041 87,9099 163,6960 111,6666 344,6766 0 C 48239 88 1 ,52987E-2 ,1962E-4 0 0,257 OneWeb-E
ONEWEB-0195 2021-031AG 2023-03-28T21:33:46,358208 13,14504328 ,000256 87,9111 163,7136 105,9402 309,6157 0 C 48240 87 1 -,16186E-2 -,599E-5 0 0,264 OneWeb-E
ONEWEB-0201 2021-031AH 2023-03-29T02:59:45,357792 13,14499669 ,0002138 87,9113 163,7098 102,3750 323,9008 0 C 48241 88 1 ,82971E-2 ,3072E-4 0 0,263 OneWeb-E
ONEWEB-0207 2021-031AJ 2023-03-29T02:24:43,356384 13,14502387 ,0002026 87,9108 163,6818 96,7707 334,4042 0 C 48242 88 1 ,49786E-2 ,1844E-4 0 0,262 OneWeb-E
ONEWEB-0208 2021-031AK 2023-03-29T07:14:45,358368 13,14504868 ,0002403 87,9099 163,6634 106,2728 302,4714 0 C 48243 88 1 -,83642E-2 -,3097E-4 0 0,261 OneWeb-E
ONEWEB-0200 2021-031AL 2023-03-29T02:40:15,358368 13,14501003 ,0002419 87,9108 163,6930 105,6915 291,5778 0 C 48244 88 1 ,74765E-2 ,2768E-4 0 0,263 OneWeb-E
ONEWEB-0217 2021-031AM 2023-03-28T20:06:15,358464 13,14504085 ,0002527 87,9107 163,7237 108,4874 354,6218 0 C 48245 87 1 -,31841E-2 -,1179E-4 0 0,270 OneWeb-E
ONEWEB-0211 2021-045A 2023-03-28T21:24:42,358752 13,15556682 ,0002141 87,9041 133,4148 101,8798 6,7037 0 C 48767 87 1 ,23185E-2 ,872E-5 0 0,257 OneWeb-E
ONEWEB-0223 2021-045B 2023-03-28T21:55:16,359456 13,15545386 ,0002259 87,9031 133,4194 112,3855 356,7237 0 C 48768 87 1 ,63008E-2 ,2369E-4 0 0,258 OneWeb-E
ONEWEB-0230 2021-045C 2023-03-29T06:33:46,359072 13,15558271 ,0001999 87,9058 133,3820 105,5422 37,9109 0 C 48769 88 1 -,11045E-1 -,4153E-4 0 0,261 OneWeb-E
ONEWEB-0237 2021-045D 2023-03-29T06:15:42,358752 13,15550706 ,0001954 87,9038 133,3262 118,8011 15,3022 0 C 48770 88 1 -,12305E-1 -,4627E-4 0 0,261 OneWeb-E
ONEWEB-0235 2021-045E 2023-03-29T07:27:44,358912 13,15548813 ,0001985 87,9031 133,3506 128,5715 12,2332 0 C 48771 88 1 -,62642E-2 -,2355E-4 0 0,257 OneWeb-E
ONEWEB-0242 2021-045F 2023-03-29T07:20:13,358688 13,15546293 ,0001819 87,9032 133,3438 106,6543 39,4594 0 C 48772 88 1 -,57441E-2 -,216E-4 0 0,259 OneWeb-E
ONEWEB-0241 2021-045G 2023-03-29T07:01:12,359424 13,15549952 ,0002493 87,9134 133,3121 109,3480 34,2362 0 C 48773 88 1 -,66648E-2 -,2506E-4 0 0,260 OneWeb-E
ONEWEB-0243 2021-045H 2023-03-29T05:35:45,359232 13,15552123 ,000184 87,9028 133,3382 118,9379 313,7653 0 C 48774 88 1 -,10632E-1 -,3998E-4 0 0,261 OneWeb-E
ONEWEB-0222 2021-045J 2023-03-28T22:12:12,999744 13,15541419 ,0002193 87,9028 133,4350 109,4956 355,3171 0 C 48775 87 1 ,52434E-2 ,1971E-4 0 0,257 OneWeb-E
ONEWEB-0244 2021-045K 2023-03-29T04:01:46,358688 13,15556340 ,0001629 87,9148 133,3194 112,7445 321,0956 0 C 48776 88 1 -,78347E-2 -,2946E-4 0 0,254 OneWeb-E
ONEWEB-0247 2021-045L 2023-03-29T03:55:12,360000 13,15552134 ,0002059 87,9115 133,3310 121,4446 310,8082 0 C 48777 88 1 -,71029E-2 -,2671E-4 0 0,254 OneWeb-E
ONEWEB-0245 2021-045M 2023-03-29T01:54:46,359072 13,15546124 ,0002436 87,9029 133,4149 105,1114 311,2297 0 C 48778 88 1 ,22226E-2 ,836E-5 0 0,255 OneWeb-E
ONEWEB-0229 2021-045N 2023-03-29T07:40:13,358784 13,15524964 ,0002209 87,9029 133,3548 106,0735 35,8165 0 C 48779 88 1 ,13697E+0 ,51522E-3 0 0,263 OneWeb-E
ONEWEB-0228 2021-045P 2023-03-29T00:17:45,357792 13,15547718 ,0001881 87,9032 133,4002 106,9222 315,6020 0 C 48780 88 1 ,49718E-2 ,1869E-4 0 0,262 OneWeb-E
ONEWEB-0232 2021-045Q 2023-03-29T05:41:43,357632 13,15556307 ,0001884 87,9058 133,4067 106,0415 326,2121 0 C 48781 88 1 -,11343E-1 -,4265E-4 0 0,261 OneWeb-E
ONEWEB-0231 2021-045R 2023-03-29T07:23:42,359424 13,15545796 ,0002003 87,9118 133,3105 112,6884 34,8695 0 C 48782 88 1 -,58215E-2 -,2189E-4 0 0,258 OneWeb-E
ONEWEB-0234 2021-045S 2023-03-29T02:03:43,359264 13,15547847 ,0002376 87,9033 133,3893 98,7966 316,9463 0 C 48783 88 1 ,93407E-3 ,351E-5 0 0,254 OneWeb-E
ONEWEB-0238 2021-045T 2023-03-29T02:20:13,358112 13,15551745 ,0002259 87,9038 133,3969 98,4343 316,5333 0 C 48784 88 1 ,14835E-3 ,56E-6 0 0,252 OneWeb-E
ONEWEB-0240 2021-045U 2023-03-29T06:58:14,359008 13,15554145 ,0002464 87,9039 133,3332 111,5322 32,3071 0 C 48785 88 1 -,70729E-2 -,266E-4 0 0,260 OneWeb-E
ONEWEB-0246 2021-045V 2023-03-28T21:33:13,359456 13,15549241 ,0001996 87,9041 133,4102 113,7444 352,8440 0 C 48786 87 1 ,41482E-2 ,156E-4 0 0,257 OneWeb-E
ONEWEB-0210 2021-045W 2023-03-29T02:10:14,359008 13,15548737 ,000143 87,9035 133,3828 122,7645 294,4658 0 C 48787 88 1 ,36296E-3 ,136E-5 0 0,253 OneWeb-E
ONEWEB-0214 2021-045X 2023-03-29T02:23:12,359040 13,15549135 ,0001223 87,9039 133,3699 116,7667 293,1197 0 C 48788 88 1 ,41198E-3 ,155E-5 0 0,252 OneWeb-E
ONEWEB-0221 2021-045Y 2023-03-29T04:30:15,359328 13,15556207 ,000213 87,9044 133,3581 108,6586 328,7388 0 C 48789 88 1 -,76015E-2 -,2858E-4 0 0,257 OneWeb-E
ONEWEB-0213 2021-045Z 2023-03-29T06:21:45,358848 13,15551761 ,0001934 87,9038 133,3634 114,8646 29,0521 0 C 48790 88 1 -,12221E-1 -,4595E-4 0 0,261 OneWeb-E
ONEWEB-0212 2021-045AA 2023-03-29T01:48:42,359328 13,15543871 ,0002187 87,9030 133,3818 92,5679 323,8151 0 C 48791 88 1 ,32901E-2 ,1237E-4 0 0,256 OneWeb-E
ONEWEB-0227 2021-045AB 2023-03-28T22:00:16,359264 13,15539925 ,000218 87,9031 133,4263 106,2789 309,3277 0 C 48792 87 1 ,40115E-2 ,1508E-4 0 0,256 OneWeb-E
ONEWEB-0226 2021-045AC 2023-03-28T22:05:44,358720 13,15545073 ,0001651 87,9031 133,4350 121,5440 341,9623 0 C 48793 87 1 ,57262E-2 ,2153E-4 0 0,258 OneWeb-E
ONEWEB-0224 2021-045AD 2023-03-29T04:26:44,359296 13,15564909 ,0002679 87,9127 133,3326 95,9781 339,9352 0 C 48794 88 1 -,21309E-1 -,8013E-4 0 0,257 OneWeb-E
ONEWEB-0233 2021-045AE 2023-03-29T07:56:43,359360 13,15541545 ,0002013 87,9064 133,4093 102,5984 334,2515 0 C 48795 88 1 -,37022E-1 -,13916E-3 0 0,304 OneWeb-E
ONEWEB-0190 2021-045AF 2023-03-28T22:55:44,359392 13,15549167 ,0002197 87,9035 133,4321 134,7963 333,0690 0 C 48796 87 1 ,45775E-2 ,1721E-4 0 0,258 OneWeb-E
ONEWEB-0236 2021-045AG 2023-03-28T21:31:12,358848 13,15544293 ,0002078 87,9039 133,4128 101,1526 8,9842 0 C 48797 87 1 ,36128E-2 ,1358E-4 0 0,257 OneWeb-E
ONEWEB-0248 2021-045AH 2023-03-28T21:49:13,359360 13,15542687 ,0002667 87,9035 133,4238 116,0559 353,1752 0 C 48798 87 1 ,61094E-2 ,2297E-4 0 0,258 OneWeb-E
ONEWEB-0225 2021-045AJ 2023-03-29T03:34:14,358720 13,15546251 ,0002176 87,9023 133,3961 119,7226 303,6242 0 C 48799 88 1 -,34934E-2 -,1313E-4 0 0,253 OneWeb-E
ONEWEB-0215 2021-045AK 2023-03-29T04:43:44,358816 13,15551241 ,0002555 87,9039 133,3565 124,7001 307,1131 0 C 48800 88 1 -,62117E-2 -,2336E-4 0 0,259 OneWeb-E
ONEWEB-0216 2021-045AL 2023-03-29T04:58:43,359456 13,15553287 ,0001633 87,9036 133,3906 104,5666 326,3333 0 C 48801 88 1 -,59277E-2 -,2229E-4 0 0,261 OneWeb-E
ONEWEB-0239 2021-045AM 2023-03-29T07:16:12,358848 13,15546864 ,0002647 87,9034 133,3213 121,8261 21,0748 0 C 48802 88 1 -,57513E-2 -,2162E-4 0 0,259 OneWeb-E
ONEWEB-0249 2021-060A 2023-03-29T01:57:44,357760 13,16600671 ,000197 87,8970 102,9545 91,5755 299,8214 0 C 48967 88 1 -,75233E-2 -,2873E-4 0 0,255 OneWeb-E
ONEWEB-0250 2021-060B 2023-03-29T04:21:13,358304 13,16601749 ,0002168 87,8974 102,9420 103,6538 19,7975 0 C 48968 88 1 -,11507E-1 -,4394E-4 0 0,262 OneWeb-E
ONEWEB-0252 2021-060D 2023-03-28T23:05:13,357824 13,16594113 ,0001722 87,8979 102,9802 95,9819 298,0132 0 C 48970 87 1 ,90685E-2 ,3463E-4 0 0,264 OneWeb-E
ONEWEB-0253 2021-060E 2023-03-29T04:45:14,358240 13,16598692 ,0001926 87,8961 102,9117 107,3620 15,0298 0 C 48971 88 1 -,78757E-2 -,3007E-4 0 0,261 OneWeb-E
ONEWEB-0254 2021-060F 2023-03-29T06:46:14,358432 13,16592869 ,0001951 87,8982 102,9043 104,9707 15,4788 0 C 48972 88 1 -,51317E-3 -,196E-5 0 0,252 OneWeb-E
ONEWEB-0255 2021-060G 2023-03-29T01:48:42,357600 13,16594579 ,0002035 87,8965 103,0011 96,0435 305,7670 0 C 48973 88 1 -,68716E-2 -,2624E-4 0 0,254 OneWeb-E
ONEWEB-0256 2021-060H 2023-03-29T06:28:44,358240 13,16597808 ,0001642 87,9053 102,9014 86,9181 35,9418 0 C 48974 88 1 -,38761E-2 -,148E-4 0 0,253 OneWeb-E
ONEWEB-0257 2021-060J 2023-03-29T07:17:12,358464 13,16580662 ,0001684 87,8957 102,9381 97,7422 24,5610 0 C 48975 88 1 ,13283E-1 ,5071E-4 0 0,228 OneWeb-E
ONEWEB-0258 2021-060K 2023-03-29T07:20:44,358144 13,16591508 ,000207 87,8964 102,9549 97,3022 26,6490 0 C 48976 88 1 ,38703E-5 ,1E-7 0 0,251 OneWeb-E
ONEWEB-0259 2021-060L 2023-03-29T07:10:45,358176 13,16592342 ,0002267 87,8968 102,9375 102,4921 18,6864 0 C 48977 88 1 ,51496E-3 ,197E-5 0 0,251 OneWeb-E
ONEWEB-0260 2021-060M 2023-03-29T07:03:14,358816 13,16589960 ,0001086 87,8956 102,9053 92,4945 33,9621 0 C 48978 88 1 ,78145E-3 ,298E-5 0 0,252 OneWeb-E
ONEWEB-0261 2021-060N 2023-03-29T04:31:44,359104 13,16598594 ,00017 87,8967 102,9437 103,7197 44,3500 0 C 48979 88 1 -,11186E-1 -,4271E-4 0 0,262 OneWeb-E
ONEWEB-0262 2021-060P 2023-03-29T05:46:13,357632 13,16594900 ,0002377 87,8976 102,9246 107,7315 15,3326 0 C 48980 88 1 -,8384E-2 -,3201E-4 0 0,255 OneWeb-E
ONEWEB-0263 2021-060Q 2023-03-29T06:37:46,359264 13,16596725 ,0002066 87,8990 102,9262 112,1593 30,4671 0 C 48981 88 1 -,28796E-2 -,1099E-4 0 0,252 OneWeb-E
ONEWEB-0264 2021-060R 2023-03-29T01:47:44,358144 13,16592954 ,0001994 87,8990 102,9506 95,4635 358,0676 0 C 48982 88 1 -,51105E-2 -,1951E-4 0 0,254 OneWeb-E
ONEWEB-0266 2021-060T 2023-03-29T04:25:46,358976 13,16598198 ,0002123 87,8980 102,9434 92,2746 56,0773 0 C 48984 88 1 -,11798E-1 -,4505E-4 0 0,262 OneWeb-E
ONEWEB-0267 2021-060U 2023-03-29T06:22:46,358112 13,16596350 ,0001619 87,8984 102,9262 107,7727 15,4892 0 C 48985 88 1 -,51712E-2 -,1974E-4 0 0,253 OneWeb-E
ONEWEB-0268 2021-060V 2023-03-29T01:54:45,357696 13,16589414 ,0001854 87,8973 102,9671 91,5805 20,0524 0 C 48986 88 1 -,57477E-2 -,2194E-4 0 0,254 OneWeb-E
ONEWEB-0269 2021-060W 2023-03-29T02:51:46,357920 13,16597948 ,0001785 87,8963 102,9553 92,0918 297,0665 0 C 48987 88 1 -,59034E-2 -,2254E-4 0 0,261 OneWeb-E
ONEWEB-0270 2021-060X 2023-03-28T23:39:16,357536 13,16589966 ,0002239 87,8974 102,9975 114,8872 281,0579 0 C 48988 87 1 ,41446E-2 ,1582E-4 0 0,258 OneWeb-E
ONEWEB-0271 2021-060Y 2023-03-29T07:05:15,358560 13,16592107 ,0001848 87,8976 102,9116 110,8970 12,1385 0 C 48989 88 1 ,71678E-3 ,274E-5 0 0,252 OneWeb-E
ONEWEB-0272 2021-060Z 2023-03-29T05:49:14,357856 13,16593078 ,0001706 87,8966 102,9171 104,7666 18,2282 0 C 48990 88 1 -,84986E-2 -,3245E-4 0 0,254 OneWeb-E
ONEWEB-0273 2021-060AA 2023-03-29T04:36:16,359264 13,16603358 ,0001993 87,8983 102,9484 101,3151 41,5996 0 C 48991 88 1 -,10348E-1 -,3951E-4 0 0,262 OneWeb-E
ONEWEB-0274 2021-060AB 2023-03-29T05:07:14,358432 13,16598536 ,0001862 87,8980 102,9435 105,2267 19,4906 0 C 48992 88 1 -,58205E-2 -,2222E-4 0 0,260 OneWeb-E
ONEWEB-0275 2021-060AC 2023-03-29T06:40:43,358304 13,16598212 ,0001983 87,8985 102,9326 96,3264 26,0233 0 C 48993 88 1 -,1465E-2 -,559E-5 0 0,252 OneWeb-E
ONEWEB-0276 2021-060AD 2023-03-29T05:40:44,357664 13,16595782 ,0001973 87,8953 102,9389 107,2208 17,8091 0 C 48994 88 1 -,7973E-2 -,3044E-4 0 0,256 OneWeb-E
ONEWEB-0277 2021-060AE 2023-03-29T05:58:14,358720 13,16594044 ,0001801 87,8958 102,9388 111,5779 11,0068 0 C 48995 88 1 -,84436E-2 -,3224E-4 0 0,254 OneWeb-E
ONEWEB-0278 2021-060AF 2023-03-28T23:48:42,357888 13,16594754 ,0001902 87,8974 102,9771 95,7912 301,1094 0 C 48996 87 1 ,24817E-2 ,948E-5 0 0,256 OneWeb-E
ONEWEB-0279 2021-060AG 2023-03-29T00:00:16,358112 13,16593782 ,0001914 87,8975 102,9775 94,8917 300,1168 0 C 48997 88 1 ,10359E-2 ,396E-5 0 0,254 OneWeb-E
ONEWEB-0280 2021-060AH 2023-03-29T04:27:43,358400 13,16601516 ,0001697 87,8975 102,9478 120,8899 3,8887 0 C 48998 88 1 -,10798E-1 -,4123E-4 0 0,262 OneWeb-E
ONEWEB-0281 2021-060AJ 2023-03-28T22:47:46,359168 13,16600455 ,0001782 87,8984 102,9869 85,3898 331,1023 0 C 48999 87 1 ,7251E-2 ,2769E-4 0 0,263 OneWeb-E
ONEWEB-0282 2021-060AK 2023-03-29T07:08:12,358464 13,16592423 ,0002055 87,8957 102,9140 105,6555 17,1161 0 C 49000 88 1 ,65582E-3 ,25E-5 0 0,251 OneWeb-E
ONEWEB-0283 2021-060AL 2023-03-29T06:53:12,358176 13,16595217 ,0001801 87,8956 102,8985 105,5064 17,8802 0 C 49001 88 1 ,24322E-3 ,93E-6 0 0,252 OneWeb-E
ONEWEB-0284 2021-060AM 2023-03-28T23:06:14,358816 13,16593596 ,0002151 87,8976 103,0271 102,8982 314,3252 0 C 49002 87 1 ,87252E-2 ,3332E-4 0 0,264 OneWeb-E
ONEWEB-0285 2021-075A 2023-03-28T21:21:12,358368 13,12441650 ,0001697 87,8987 224,3380 109,1730 313,6981 0 C 49075 87 1 -,95678E-3 -,344E-5 0 0,257 OneWeb-E
ONEWEB-0286 2021-075B 2023-03-29T00:12:46,357632 13,12436742 ,0001553 87,8979 224,3163 88,8672 326,5663 0 C 49076 88 1 -,44675E-2 -,1605E-4 0 0,268 OneWeb-E
ONEWEB-0287 2021-075C 2023-03-29T02:20:15,359136 13,17651240 ,0002146 87,9118 239,5075 95,6729 35,6934 0 C 49077 88 1 -,71806E-2 -,2784E-4 0 0,267 OneWeb-E
ONEWEB-0288 2021-075D 2023-03-29T03:31:12,357984 13,12440493 ,0001775 87,8990 224,2903 98,6140 317,4164 0 C 49078 88 1 ,51377E-2 ,1846E-4 0 0,256 OneWeb-E
ONEWEB-0289 2021-075E 2023-03-29T04:23:45,359232 13,17645978 ,0001619 87,9118 239,4637 102,0767 308,8589 0 C 49079 88 1 ,38223E-2 ,1482E-4 0 0,258 OneWeb-E
ONEWEB-0290 2021-075F 2023-03-29T02:09:45,358848 13,17650454 ,0002104 87,9120 239,5033 104,5555 309,9277 0 C 49080 88 1 -,58374E-2 -,2264E-4 0 0,267 OneWeb-E
ONEWEB-0291 2021-075G 2023-03-28T22:34:15,358656 13,17655042 ,0001883 87,9116 239,5191 95,4185 43,6588 0 C 49081 87 1 -,28804E-2 -,1117E-4 0 0,261 OneWeb-E
ONEWEB-0293 2021-075H 2023-03-29T02:44:14,359776 13,17652446 ,0002087 87,9121 239,4734 99,0454 26,4847 0 C 49082 88 1 -,33379E-2 -,1294E-4 0 0,266 OneWeb-E
ONEWEB-0294 2021-075J 2023-03-29T03:51:15,358752 13,12439276 ,0002151 87,8984 224,2890 111,9096 344,9423 0 C 49083 88 1 ,63001E-2 ,2264E-4 0 0,257 OneWeb-E
ONEWEB-0295 2021-075K 2023-03-29T02:24:13,359168 13,17613794 ,0002194 87,9125 239,4381 87,6515 321,4047 0 C 49084 88 1 ,68619E-1 ,26606E-3 0 0,429 OneWeb-E
ONEWEB-0296 2021-075L 2023-03-28T21:47:45,358368 13,12449306 ,0002564 87,8994 224,3359 85,8341 333,9757 0 C 49085 87 1 ,12918E-2 ,464E-5 0 0,258 OneWeb-E
ONEWEB-0297 2021-075M 2023-03-28T22:29:45,357792 13,12438999 ,0001322 87,8972 224,3235 99,5016 318,0623 0 C 49086 87 1 -,24737E-2 -,889E-5 0 0,262 OneWeb-E
ONEWEB-0298 2021-075N 2023-03-29T02:51:44,358624 13,17652362 ,000159 87,9124 239,4577 88,4937 40,6292 0 C 49087 88 1 -,21214E-2 -,823E-5 0 0,265 OneWeb-E
ONEWEB-0299 2021-075P 2023-03-29T03:53:13,358688 13,17646431 ,0001852 87,9146 239,4920 89,3616 231,6429 0 C 49088 88 1 ,1352E-2 ,524E-5 0 0,270 OneWeb-E
ONEWEB-0300 2021-075Q 2023-03-29T01:56:42,357984 13,12437909 ,0001451 87,8984 224,2996 101,7003 314,4922 0 C 49089 88 1 -,10231E-2 -,368E-5 0 0,262 OneWeb-E
ONEWEB-0301 2021-075R 2023-03-29T01:35:42,358272 13,12444465 ,0001469 87,8990 224,3078 113,0012 304,2614 0 C 49090 88 1 -,14966E-2 -,538E-5 0 0,264 OneWeb-E
ONEWEB-0302 2021-075S 2023-03-29T03:20:46,358880 13,12444681 ,0001931 87,8991 224,2943 98,9718 357,8978 0 C 49091 88 1 ,19068E-2 ,685E-5 0 0,255 OneWeb-E
ONEWEB-0304 2021-075T 2023-03-29T03:47:45,359232 13,17648888 ,0001816 87,9123 239,4562 92,1183 316,7160 0 C 49092 88 1 -,25566E-2 -,991E-5 0 0,257 OneWeb-E
ONEWEB-0305 2021-075U 2023-03-29T03:31:42,358656 13,17640975 ,0001953 87,9113 239,4956 83,5763 325,4420 0 C 49093 88 1 -,33488E-2 -,1298E-4 0 0,258 OneWeb-E
ONEWEB-0308 2021-075V 2023-03-28T21:39:43,357824 13,12449172 ,0001609 87,8995 224,3387 103,1874 340,2197 0 C 49094 87 1 -,85524E-3 -,307E-5 0 0,258 OneWeb-E
ONEWEB-0309 2021-075W 2023-03-29T00:28:13,000224 13,17652187 ,0002236 87,9117 239,5267 102,8497 30,2321 0 C 49095 88 1 -,79789E-2 -,3094E-4 0 0,269 OneWeb-E
ONEWEB-0310 2021-075X 2023-03-29T03:30:13,358016 13,12444907 ,0002018 87,8987 224,2809 107,6806 350,2024 0 C 49096 88 1 ,39093E-2 ,1405E-4 0 0,256 OneWeb-E
ONEWEB-0311 2021-075Y 2023-03-29T02:25:46,359264 13,17650217 ,0001646 87,9119 239,5126 81,7755 46,6226 0 C 49097 88 1 -,659E-2 -,2555E-4 0 0,267 OneWeb-E
ONEWEB-0312 2021-075Z 2023-03-29T02:40:42,359232 13,17655370 ,0001947 87,9121 239,4781 95,4803 29,0855 0 C 49098 88 1 -,39641E-2 -,1537E-4 0 0,266 OneWeb-E
ONEWEB-0313 2021-075AA 2023-03-29T09:08:42,358848 13,17652982 ,0002017 87,9111 239,4474 91,7109 325,4672 0 C 49099 88 1 ,86216E-3 ,334E-5 0 0,254 OneWeb-E
ONEWEB-0314 2021-075AB 2023-03-29T05:17:42,359424 13,17649412 ,0002246 87,9112 239,4848 88,6446 319,8781 0 C 49100 88 1 ,28621E-2 ,111E-4 0 0,256 OneWeb-E
ONEWEB-0315 2021-075AC 2023-03-28T21:15:43,358400 13,12438743 ,0001333 87,8986 224,3364 106,7125 338,2170 0 C 49101 87 1 -,13088E-2 -,47E-5 0 0,257 OneWeb-E
ONEWEB-0316 2021-075AD 2023-03-29T07:49:15,358944 13,18688032 ,0001635 87,9275 209,1338 94,1280 24,9075 0 C 49102 88 1 -,11994E-2 -,472E-5 0 0,251 OneWeb-E
ONEWEB-0317 2021-075AE 2023-03-29T06:17:15,357984 13,12436363 ,0002046 87,8983 224,2669 107,2892 333,4035 0 C 49103 88 1 ,56872E-2 ,2043E-4 0 0,261 OneWeb-E
ONEWEB-0318 2021-075AF 2023-03-28T22:41:16,359072 13,18692766 ,0001589 87,9277 209,1961 93,2506 30,2746 0 C 49104 87 1 -,68115E-2 -,2682E-4 0 0,270 OneWeb-E
ONEWEB-0319 2021-075AG 2023-03-29T00:40:45,359328 13,17656732 ,000177 87,9119 239,4904 73,6250 58,3320 0 C 49105 88 1 -,73461E-2 -,2849E-4 0 0,270 OneWeb-E
ONEWEB-0323 2021-075AH 2023-03-29T04:18:45,357696 13,12437241 ,0001692 87,8976 224,2756 96,3150 0,7183 0 C 49106 88 1 ,4506E-2 ,1619E-4 0 0,255 OneWeb-E
ONEWEB-0329 2021-075AJ 2023-03-29T00:47:12,358752 13,17651777 ,0001941 87,9121 239,4900 91,2219 40,9021 0 C 49107 88 1 -,66319E-2 -,2572E-4 0 0,270 OneWeb-E
ONEWEB-0330 2021-075AK 2023-03-28T23:05:12,359040 13,17651362 ,0002034 87,9121 239,5224 95,4192 50,2244 0 C 49108 87 1 -,26269E-2 -,1019E-4 0 0,263 OneWeb-E
ONEWEB-0292 2021-083A 2023-03-29T01:40:16,357728 13,13468242 ,0001743 87,9103 194,0036 107,1706 308,4910 0 C 49186 88 1 ,54183E-2 ,1976E-4 0 0,257 OneWeb-E
ONEWEB-0303 2021-083B 2023-03-29T00:25:42,359232 13,18691072 ,0001711 87,9276 209,1843 95,9732 31,5860 0 C 49187 88 1 -,64443E-2 -,2538E-4 0 0,267 OneWeb-E
ONEWEB-0306 2021-083C 2023-03-29T07:09:13,359456 13,18687730 ,000151 87,9271 209,1189 88,1260 328,9689 0 C 49188 88 1 ,6982E-3 ,275E-5 0 0,254 OneWeb-E
ONEWEB-0307 2021-083D 2023-03-29T03:26:42,357984 13,13472320 ,0001891 87,9105 193,9882 107,9656 317,0480 0 C 49189 88 1 -,64757E-2 -,2362E-4 0 0,294 OneWeb-E
ONEWEB-0320 2021-083E 2023-03-29T09:08:12,359904 13,18688514 ,00019 87,9274 209,1222 109,3344 309,8812 0 C 49190 88 1 -,7663E-2 -,3017E-4 0 0,256 OneWeb-E
ONEWEB-0321 2021-083F 2023-03-29T02:19:45,359328 13,20416344 ,0001978 87,9289 148,5543 113,6339 356,3278 0 C 49191 88 1 ,7162E-2 ,2893E-4 0 0,263 OneWeb-E
ONEWEB-0322 2021-083G 2023-03-29T03:22:13,357632 13,13468458 ,0002452 87,9110 193,9764 119,7388 310,5109 0 C 49192 88 1 ,99813E-2 ,3641E-4 0 0,263 OneWeb-E
ONEWEB-0324 2021-083H 2023-03-28T22:10:43,358880 13,18686739 ,0001784 87,9270 209,1954 92,6326 30,2177 0 C 49193 87 1 -,69012E-2 -,2717E-4 0 0,269 OneWeb-E
ONEWEB-0325 2021-083J 2023-03-29T00:07:13,359072 13,18692496 ,0001566 87,9250 209,0798 107,5400 19,1575 0 C 49194 88 1 -,73458E-2 -,2893E-4 0 0,268 OneWeb-E
ONEWEB-0326 2021-083K 2023-03-29T00:28:44,359104 13,18690849 ,0001809 87,9277 209,1636 85,0222 42,5018 0 C 49195 88 1 -,60351E-2 -,2376E-4 0 0,267 OneWeb-E
ONEWEB-0327 2021-083L 2023-03-29T03:19:42,358080 13,18677275 ,0001686 87,9267 209,1156 83,0696 358,1453 0 C 49196 88 1 ,38972E-2 ,1534E-4 0 0,257 OneWeb-E
ONEWEB-0328 2021-083M 2023-03-29T05:10:43,360032 13,13471535 ,0002002 87,9113 193,9701 103,0012 8,2438 0 C 49197 88 1 ,75351E-2 ,2748E-4 0 0,261 OneWeb-E
ONEWEB-0331 2021-083N 2023-03-29T00:19:43,359456 13,18690026 ,0001762 87,9273 209,1847 94,6349 33,1936 0 C 49198 88 1 -,70308E-2 -,2768E-4 0 0,267 OneWeb-E
ONEWEB-0333 2021-083P 2023-03-29T01:06:45,357984 13,13471652 ,0001764 87,9114 194,0044 115,0545 300,5979 0 C 49199 88 1 ,90452E-3 ,33E-5 0 0,256 OneWeb-E
ONEWEB-0334 2021-083Q 2023-03-29T07:38:13,358688 13,20629689 ,0001661 87,9294 148,5489 127,1206 16,2831 0 C 49200 88 1 -,10086E-1 -,4087E-4 0 0,263 OneWeb-E
ONEWEB-0335 2021-083R 2023-03-28T21:24:44,358048 13,13477314 ,0002049 87,9113 194,0264 104,3994 322,6443 0 C 49201 87 1 -,56886E-2 -,2075E-4 0 0,267 OneWeb-E
ONEWEB-0336 2021-083S 2023-03-29T02:04:42,358368 13,13462717 ,000181 87,9097 193,9873 114,6152 301,2665 0 C 49202 88 1 ,37733E-2 ,1376E-4 0 0,255 OneWeb-E
ONEWEB-0337 2021-083T 2023-03-29T02:38:45,358080 13,13468037 ,000197 87,9110 193,9866 106,6582 310,8193 0 C 49203 88 1 ,37044E-2 ,1351E-4 0 0,256 OneWeb-E
ONEWEB-0338 2021-083U 2023-03-29T07:49:13,000224 13,20525993 ,0002244 87,9254 148,5257 121,1829 27,0217 0 C 49204 88 1 -,86188E-2 -,3487E-4 0 0,263 OneWeb-E
ONEWEB-0339 2021-083V 2023-03-28T23:17:44,357856 13,13472614 ,0002228 87,9108 194,0124 114,6862 8,2668 0 C 49205 87 1 -,7423E-2 -,2707E-4 0 0,265 OneWeb-E
ONEWEB-0340 2021-083W 2023-03-29T01:25:44,358816 13,18683120 ,000181 87,9269 209,1669 101,9979 313,4120 0 C 49206 88 1 -,29235E-2 -,1151E-4 0 0,259 OneWeb-E
ONEWEB-0341 2021-083X 2023-03-29T07:02:42,358848 13,18683614 ,0002741 87,9269 209,0513 105,3171 300,3936 0 C 49207 88 1 ,12551E-2 ,494E-5 0 0,255 OneWeb-E
ONEWEB-0342 2021-083Y 2023-03-29T02:16:13,000224 13,20452133 ,0002045 87,9291 148,5978 113,1917 355,3975 0 C 49208 88 1 ,69436E-2 ,2807E-4 0 0,263 OneWeb-E
ONEWEB-0343 2021-083Z 2023-03-28T22:13:44,359104 13,18690358 ,0002941 87,9269 209,1605 113,7249 9,0917 0 C 49209 87 1 -,72142E-2 -,2841E-4 0 0,269 OneWeb-E
ONEWEB-0344 2021-083AA 2023-03-29T07:17:44,357568 13,13471833 ,0001894 87,9101 193,9508 99,0748 323,9304 0 C 49210 88 1 ,14354E-4 ,5E-7 0 0,253 OneWeb-E
ONEWEB-0345 2021-083AB 2023-03-28T20:57:45,357696 13,13469358 ,0002394 87,9100 194,0221 93,4448 10,0102 0 C 49211 87 1 -,62996E-2 -,2298E-4 0 0,265 OneWeb-E
ONEWEB-0346 2021-083AC 2023-03-29T07:11:42,358848 13,18685635 ,0001759 87,9271 209,0785 88,6473 326,6681 0 C 49212 88 1 ,46103E-3 ,182E-5 0 0,254 OneWeb-E
ONEWEB-0348 2021-083AD 2023-03-29T05:31:15,359232 13,20560306 ,0002184 87,9291 148,5314 89,7327 333,7563 0 C 49213 88 1 -,68471E-2 -,2772E-4 0 0,259 OneWeb-E
ONEWEB-0350 2021-083AE 2023-03-28T22:46:44,357664 13,13474096 ,0002148 87,9106 194,0342 99,0557 317,1648 0 C 49214 87 1 -,80019E-2 -,2919E-4 0 0,266 OneWeb-E
ONEWEB-0351 2021-083AF 2023-03-28T20:13:14,358720 13,20664272 ,0002152 87,9266 148,6340 115,5536 297,9991 0 C 49215 87 1 -,49389E-2 -,2002E-4 0 0,267 OneWeb-E
ONEWEB-0352 2021-083AG 2023-03-29T01:58:44,358240 13,13467168 ,0002119 87,9099 193,9917 119,9055 296,4516 0 C 49216 88 1 ,4344E-2 ,1584E-4 0 0,255 OneWeb-E
ONEWEB-0354 2021-083AH 2023-03-29T08:06:43,358976 13,20319316 ,0002351 87,9291 148,4867 102,7725 40,3506 0 C 49217 88 1 -,592E-2 -,2388E-4 0 0,262 OneWeb-E
ONEWEB-0355 2021-083AJ 2023-03-29T02:44:46,358016 13,13466439 ,000216 87,9111 193,9874 110,9113 306,4732 0 C 49218 88 1 ,45229E-2 ,165E-4 0 0,257 OneWeb-E
ONEWEB-0357 2021-083AK 2023-03-28T20:42:45,359136 13,20346685 ,0002269 87,9270 148,6230 97,8907 319,3190 0 C 49219 87 1 -,81342E-3 -,328E-5 0 0,266 OneWeb-E
ONEWEB-0332 2021-090A 2023-03-28T23:49:15,358368 13,14501198 ,0002059 87,9103 163,7489 121,9597 333,6106 0 C 49279 87 1 ,60646E-2 ,2246E-4 0 0,258 OneWeb-E
ONEWEB-0347 2021-090B 2023-03-29T07:39:46,358784 13,20494034 ,0001525 87,9243 148,4960 116,5484 349,9852 0 C 49280 88 1 -,81591E-2 -,33E-4 0 0,262 OneWeb-E
ONEWEB-0349 2021-090C 2023-03-29T02:45:46,357632 13,21065559 ,0002368 87,9281 148,5478 92,0465 302,3885 0 C 49281 88 1 ,32518E-2 ,1326E-4 0 0,259 OneWeb-E
ONEWEB-0353 2021-090D 2023-03-29T02:58:15,359232 13,14502936 ,0001872 87,9111 163,6963 117,0589 279,2075 0 C 49282 88 1 ,93359E-2 ,3457E-4 0 0,264 OneWeb-E
ONEWEB-0356 2021-090E 2023-03-29T02:42:44,357760 13,21114519 ,0001694 87,9283 148,5519 71,2924 323,3585 0 C 49283 88 1 -,56742E-2 -,2316E-4 0 0,258 OneWeb-E
ONEWEB-0358 2021-090F 2023-03-29T05:09:15,358176 13,20699230 ,0002163 87,9287 148,5076 87,7898 304,9991 0 C 49284 88 1 -,72094E-2 -,2924E-4 0 0,257 OneWeb-E
ONEWEB-0359 2021-090G 2023-03-29T03:18:46,357920 13,20728426 ,0002613 87,9286 148,5597 100,0846 298,6508 0 C 49285 88 1 ,29918E-3 ,121E-5 0 0,254 OneWeb-E
ONEWEB-0360 2021-090H 2023-03-29T05:00:16,357824 13,20868054 ,0002097 87,9288 148,5353 99,8234 315,8035 0 C 49286 88 1 -,713E-2 -,2899E-4 0 0,256 OneWeb-E
ONEWEB-0361 2021-090J 2023-03-29T08:33:43,358976 13,21140171 ,0002047 87,9285 148,5042 94,2300 29,7431 0 C 49287 88 1 -,64548E-2 -,2635E-4 0 0,258 OneWeb-E
ONEWEB-0362 2021-090K 2023-03-28T23:17:12,359616 13,19725349 ,0001737 87,9332 178,8781 112,2336 318,0787 0 C 49288 87 1 -,16924E-2 -,677E-5 0 0,262 OneWeb-E
ONEWEB-0363 2021-090L 2023-03-29T04:52:16,358304 13,20912354 ,0002029 87,9285 148,5338 91,8148 307,8432 0 C 49289 88 1 -,65793E-2 -,2677E-4 0 0,255 OneWeb-E
ONEWEB-0364 2021-090M 2023-03-29T05:46:45,359328 13,20386699 ,0001713 87,9229 148,5455 109,7083 312,6000 0 C 49290 88 1 -,5669E-2 -,2289E-4 0 0,261 OneWeb-E
ONEWEB-0365 2021-090N 2023-03-29T03:11:15,360288 13,19721218 ,0002085 87,9330 178,8359 110,1525 331,8690 0 C 49291 88 1 ,58295E-2 ,2331E-4 0 0,264 OneWeb-E
ONEWEB-0366 2021-090P 2023-03-29T02:52:12,358272 13,14504687 ,0001751 87,9115 163,7000 110,1863 286,2654 0 C 49292 88 1 ,89159E-2 ,3302E-4 0 0,264 OneWeb-E
ONEWEB-0367 2021-090Q 2023-03-29T01:21:42,359328 13,20940863 ,0001764 87,9283 148,5607 109,4174 325,6943 0 C 49293 88 1 ,44794E-2 ,1824E-4 0 0,263 OneWeb-E
ONEWEB-0368 2021-090R 2023-03-29T02:32:16,359360 13,20286923 ,000128 87,9222 148,5894 106,8827 2,4887 0 C 49294 88 1 ,73158E-2 ,295E-4 0 0,263 OneWeb-E
ONEWEB-0369 2021-090S 2023-03-29T04:53:44,358432 13,19723085 ,0001802 87,9327 178,8208 110,0287 329,9298 0 C 49295 88 1 ,36074E-2 ,1442E-4 0 0,258 OneWeb-E
ONEWEB-0370 2021-090T 2023-03-28T21:40:42,999744 13,20829881 ,0001928 87,9287 148,5919 98,7997 295,7631 0 C 49296 87 1 -,2862E-2 -,1163E-4 0 0,258 OneWeb-E
ONEWEB-0371 2021-090U 2023-03-28T21:46:44,358240 13,19724977 ,000192 87,9330 178,8671 111,0544 320,9475 0 C 49297 87 1 -,70276E-2 -,281E-4 0 0,268 OneWeb-E
ONEWEB-0372 2021-090V 2023-03-29T01:19:14,358720 13,20871732 ,0001764 87,9282 148,5613 119,6796 317,7444 0 C 49298 88 1 ,80129E-1 ,32603E-3 0 0,678 OneWeb-E
ONEWEB-0373 2021-090W 2023-03-28T22:08:42,359136 13,20590229 ,0001641 87,9237 148,5858 94,2336 319,4898 0 C 49299 87 1 ,10156E-2 ,411E-5 0 0,258 OneWeb-E
ONEWEB-0374 2021-090X 2023-03-28T23:12:44,358048 13,14502145 ,0001879 87,9112 163,7273 106,7536 348,9554 0 C 49300 87 1 ,27727E-3 ,103E-5 0 0,256 OneWeb-E
ONEWEB-0375 2021-090Y 2023-03-29T05:02:12,358464 13,20767507 ,0001991 87,9285 148,5373 80,1860 310,2957 0 C 49301 88 1 -,72292E-2 -,2935E-4 0 0,256 OneWeb-E
ONEWEB-0376 2021-090Z 2023-03-28T21:42:45,357696 13,19726432 ,0001944 87,9331 178,8810 117,5801 311,2519 0 C 49302 87 1 -,68319E-2 -,2732E-4 0 0,268 OneWeb-E
ONEWEB-0377 2021-090AA 2023-03-29T07:17:13,358976 13,20802295 ,0002315 87,9285 148,5139 103,7310 22,8458 0 C 49303 88 1 -,11368E-1 -,4618E-4 0 0,263 OneWeb-E
ONEWEB-0378 2021-090AB 2023-03-29T00:46:45,357888 13,21148467 ,0001801 87,9281 148,5640 101,9548 333,6485 0 C 49304 88 1 ,84658E-2 ,3457E-4 0 0,267 OneWeb-E
ONEWEB-0379 2021-090AC 2023-03-29T04:14:42,357696 13,14503875 ,0001877 87,9110 163,6856 107,9819 289,5035 0 C 49305 88 1 ,66883E-3 ,248E-5 0 0,252 OneWeb-E
ONEWEB-0380 2021-090AD 2023-03-29T06:49:13,357632 13,19726692 ,0002222 87,9328 178,8045 106,0883 344,6718 0 C 49306 88 1 -,44751E-2 -,1789E-4 0 0,255 OneWeb-E
ONEWEB-0381 2021-090AE 2023-03-29T03:04:43,358304 13,20998251 ,0002185 87,9235 148,5314 95,4047 340,6881 0 C 49307 88 1 ,13774E-2 ,561E-5 0 0,256 OneWeb-E
ONEWEB-0382 2021-090AF 2023-03-29T02:00:16,357824 13,21173012 ,0001869 87,9281 148,5550 90,9916 184,5969 0 C 49308 88 1 ,7156E-2 ,2923E-4 0 0,267 OneWeb-E
ONEWEB-0383 2021-090AG 2023-03-29T04:11:46,358304 13,14503007 ,0001733 87,9105 163,6704 104,9086 312,8616 0 C 49309 88 1 ,34972E-3 ,129E-5 0 0,252 OneWeb-E
ONEWEB-0384 2021-090AH 2023-03-29T08:28:14,358144 13,21260988 ,0001801 87,9282 148,4995 76,5349 47,8629 0 C 49310 88 1 -,59654E-2 -,244E-4 0 0,259 OneWeb-E
ONEWEB-0385 2021-090AJ 2023-03-28T22:48:44,358624 13,21254460 ,0001732 87,9281 148,5815 95,3270 299,9827 0 C 49311 87 1 ,42071E-2 ,1721E-4 0 0,259 OneWeb-E
ONEWEB-0386 2021-090AK 2023-03-28T18:08:12,358176 13,21039191 ,000164 87,9287 148,6251 95,3412 20,3505 0 C 49312 87 1 -,68096E-2 -,2776E-4 0 0,269 OneWeb-E
ONEWEB-0387 2021-090AL 2023-03-28T22:13:14,358432 13,21248050 ,0002047 87,9305 148,6059 98,8957 167,1802 0 C 49313 87 1 ,28666E-1 ,11725E-3 0 0,349 OneWeb-E
ONEWEB-0388 2021-090AM 2023-03-29T03:02:42,357696 13,19720618 ,0001884 87,9328 178,8374 107,9490 335,8815 0 C 49314 88 1 ,70393E-2 ,2815E-4 0 0,265 OneWeb-E
ONEWEB-0389 2021-132A 2023-03-29T08:06:14,358816 13,17645855 ,0002023 87,9117 239,4103 82,6697 330,0833 0 C 50469 88 1 ,86224E-2 ,3344E-4 0 0,264 OneWeb-E
ONEWEB-0390 2021-132B 2023-03-29T04:30:14,358816 13,17653041 ,0002161 87,9118 239,4437 90,9143 320,0975 0 C 50470 88 1 ,46617E-2 ,1808E-4 0 0,258 OneWeb-E
ONEWEB-0391 2021-132C 2023-03-28T16:14:45,359232 13,17647821 ,0001854 87,9115 239,5166 90,3201 48,6403 0 C 50471 87 1 ,11206E-2 ,435E-5 0 0,252 OneWeb-E
ONEWEB-0392 2021-132D 2023-03-29T01:59:45,359232 13,17646890 ,0001989 87,9118 239,4684 92,3797 35,0308 0 C 50472 88 1 -,70194E-2 -,2722E-4 0 0,268 OneWeb-E
ONEWEB-0393 2021-132E 2023-03-29T03:44:46,358304 13,17647009 ,0002071 87,9112 239,4333 98,6751 326,8671 0 C 50473 88 1 -,29298E-2 -,1136E-4 0 0,257 OneWeb-E
ONEWEB-0394 2021-132F 2023-03-29T00:56:16,359072 13,18689272 ,0001754 87,9200 209,1563 101,6911 26,6529 0 C 50474 88 1 -,12811E-2 -,504E-5 0 0,265 OneWeb-E
ONEWEB-0395 2021-132G 2023-03-28T21:54:46,357920 13,11420371 ,0001919 87,8835 254,7598 92,2003 333,9361 0 C 50475 87 1 ,76467E-2 ,2707E-4 0 0,261 OneWeb-E
ONEWEB-0396 2021-132H 2023-03-29T05:51:44,358624 13,18687519 ,0001622 87,9142 209,0891 97,2292 314,5401 0 C 50476 88 1 ,7234E-2 ,2849E-4 0 0,264 OneWeb-E
ONEWEB-0397 2021-132J 2023-03-28T21:34:12,359424 13,18687289 ,0001614 87,9192 209,1974 97,6937 44,8009 0 C 50477 87 1 -,13157E-2 -,518E-5 0 0,267 OneWeb-E
ONEWEB-0398 2021-132K 2023-03-28T21:24:42,358752 13,11411722 ,0002295 87,8822 254,7556 93,8501 27,3505 0 C 50478 87 1 ,56908E-2 ,2014E-4 0 0,262 OneWeb-E
ONEWEB-0399 2021-132L 2023-03-29T04:26:45,358080 13,11411373 ,0001278 87,8818 254,7091 104,3550 23,2794 0 C 50479 88 1 -,81307E-3 -,288E-5 0 0,260 OneWeb-E
ONEWEB-0400 2021-132M 2023-03-29T00:37:42,358944 13,18687172 ,0002064 87,9270 209,1721 106,0503 21,1569 0 C 50480 88 1 -,45601E-2 -,1796E-4 0 0,266 OneWeb-E
ONEWEB-0401 2021-132N 2023-03-29T01:16:15,358656 13,18682282 ,0001341 87,9151 209,1352 110,0361 304,1310 0 C 50481 88 1 -,22575E-2 -,889E-5 0 0,261 OneWeb-E
ONEWEB-0402 2021-132P 2023-03-28T21:16:43,358880 13,18690060 ,0001485 87,9270 209,2007 128,4568 16,4594 0 C 50482 87 1 -,16169E-2 -,637E-5 0 0,265 OneWeb-E
ONEWEB-0403 2021-132Q 2023-03-29T02:49:14,358720 13,18681516 ,0001531 87,9235 209,1605 100,7687 309,7378 0 C 50483 88 1 ,49617E-2 ,1954E-4 0 0,258 OneWeb-E
ONEWEB-0404 2021-132R 2023-03-29T09:08:46,359168 13,11415937 ,0001666 87,8827 254,6295 71,9658 344,3287 0 C 50484 88 1 ,97078E-2 ,3436E-4 0 0,262 OneWeb-E
ONEWEB-0405 2021-132S 2023-03-28T22:32:45,358368 13,18690827 ,0001206 87,9266 209,1522 112,2627 328,1028 0 C 50485 87 1 -,54407E-2 -,2142E-4 0 0,269 OneWeb-E
ONEWEB-0406 2021-132T 2023-03-29T06:34:14,358720 13,18683168 ,0001763 87,9195 209,1117 89,1554 322,6757 0 C 50486 88 1 ,63592E-2 ,2504E-4 0 0,261 OneWeb-E
ONEWEB-0407 2021-132U 2023-03-29T01:20:46,359168 13,18683326 ,0001597 87,9166 209,1965 105,1824 23,8363 0 C 50487 88 1 ,26392E-4 ,1E-6 0 0,263 OneWeb-E
ONEWEB-0409 2021-132V 2023-03-29T05:37:42,357792 13,11415334 ,0001937 87,8839 254,6621 80,4009 14,9371 0 C 50488 88 1 ,51947E-2 ,1839E-4 0 0,256 OneWeb-E
ONEWEB-0412 2021-132W 2023-03-28T21:30:45,358848 13,18690205 ,0001122 87,9263 209,1959 116,8544 24,3616 0 C 50489 87 1 -,11459E-2 -,451E-5 0 0,267 OneWeb-E
ONEWEB-0413 2021-132X 2023-03-29T01:11:16,359360 13,18684375 ,0001387 87,9175 209,2127 116,7403 10,9541 0 C 50490 88 1 ,79353E-4 ,31E-6 0 0,264 OneWeb-E
ONEWEB-0414 2021-132Y 2023-03-28T22:43:42,357792 13,18685270 ,0001372 87,9179 209,2627 100,0576 326,5445 0 C 50491 87 1 -,34143E-2 -,1344E-4 0 0,270 OneWeb-E
ONEWEB-0417 2021-132Z 2023-03-28T21:29:15,359424 13,18688159 ,0001941 87,9266 209,2068 94,9896 51,1951 0 C 50492 87 1 -,12139E-2 -,478E-5 0 0,267 OneWeb-E
ONEWEB-0418 2021-132AA 2023-03-29T06:38:42,357696 13,18685435 ,0002004 87,9260 209,0794 85,4950 6,0824 0 C 50493 88 1 ,68444E-2 ,2695E-4 0 0,261 OneWeb-E
ONEWEB-0419 2021-132AB 2023-03-29T03:09:16,358976 13,18679562 ,0002234 87,9265 209,1256 102,5757 314,0043 0 C 50494 88 1 ,36583E-2 ,144E-4 0 0,257 OneWeb-E
ONEWEB-0420 2021-132AC 2023-03-29T00:53:12,359040 13,18689458 ,0002054 87,9269 209,1568 117,2223 10,9676 0 C 50495 88 1 -,17532E-2 -,69E-5 0 0,266 OneWeb-E
ONEWEB-0421 2021-132AD 2023-03-29T00:20:42,358560 13,18689780 ,0001242 87,9270 209,1686 107,1550 303,9388 0 C 50496 88 1 -,36879E-2 -,1452E-4 0 0,266 OneWeb-E
ONEWEB-0424 2021-132AE 2023-03-29T03:02:43,359072 13,18680888 ,000233 87,9259 209,1530 106,1585 308,7621 0 C 50497 88 1 ,41486E-2 ,1633E-4 0 0,257 OneWeb-E
ONEWEB-0426 2021-132AF 2023-03-29T00:41:15,359136 13,18691742 ,0001408 87,9268 209,1545 91,5680 37,2643 0 C 50498 88 1 -,39707E-2 -,1564E-4 0 0,266 OneWeb-E
ONEWEB-0427 2021-132AG 2023-03-29T06:37:43,359456 13,18683837 ,0001934 87,9261 209,1228 95,2465 318,0922 0 C 50499 88 1 ,58032E-2 ,2285E-4 0 0,261 OneWeb-E
ONEWEB-0429 2021-132AH 2023-03-28T21:41:44,359296 13,18690591 ,0001857 87,9244 209,1893 107,2324 40,1178 0 C 50500 87 1 -,19211E-2 -,756E-5 0 0,268 OneWeb-E
ONEWEB-0430 2021-132AJ 2023-03-29T02:26:12,358752 13,18687527 ,0002096 87,9224 209,1788 109,6355 304,9266 0 C 50501 88 1 ,40886E-2 ,161E-4 0 0,259 OneWeb-E
ONEWEB-0432 2021-132AK 2023-03-29T06:50:45,358944 13,18683849 ,0001702 87,9260 209,1217 118,2973 297,6599 0 C 50502 88 1 ,34523E-2 ,1359E-4 0 0,258 OneWeb-E
ONEWEB-0440 2021-132AL 2023-03-28T21:49:14,359008 13,18686052 ,0001106 87,9263 209,2038 118,6828 13,3822 0 C 50503 87 1 -,32737E-2 -,1289E-4 0 0,268 OneWeb-E
ONEWEB-0450 2021-132AM 2023-03-29T02:44:12,359616 13,18680634 ,0001906 87,9265 209,1682 122,2885 291,6464 0 C 50504 88 1 ,52325E-2 ,206E-4 0 0,259 OneWeb-E
ONEWEB-0410 2022-012A 2023-03-28T23:49:42,359232 13,17647330 ,000186 87,9150 239,5275 57,1491 76,1135 0 C 51622 87 1 -,12345E-2 -,479E-5 0 0,272 OneWeb-E
ONEWEB-0411 2022-012B 2023-03-28T21:44:42,357984 13,10367889 ,0002138 87,8713 269,9592 85,3570 40,5094 0 C 51623 87 1 ,1175E-1 ,4097E-4 0 0,265 OneWeb-E
ONEWEB-0415 2022-012C 2023-03-28T21:40:45,358464 13,10371420 ,0002287 87,8758 269,9550 96,6245 31,0498 0 C 51624 87 1 ,11712E-1 ,4084E-4 0 0,265 OneWeb-E
ONEWEB-0416 2022-012D 2023-03-29T03:19:13,357920 13,10369120 ,0001736 87,8747 269,8974 101,9322 2,4200 0 C 51625 88 1 -,38292E-2 -,1335E-4 0 0,268 OneWeb-E
ONEWEB-0422 2022-012E 2023-03-29T08:46:45,359328 13,17647454 ,0001539 87,9109 239,4656 134,7528 284,2423 0 C 51626 88 1 ,45336E-2 ,1758E-4 0 0,258 OneWeb-E
ONEWEB-0423 2022-012F 2023-03-28T23:53:12,358752 13,17649757 ,0001726 87,9091 239,4771 97,0772 37,1113 0 C 51627 87 1 -,38372E-2 -,1488E-4 0 0,268 OneWeb-E
ONEWEB-0425 2022-012G 2023-03-28T22:08:15,358272 13,10366706 ,0001143 87,8739 269,9390 80,5914 41,6380 0 C 51628 87 1 ,87172E-2 ,3039E-4 0 0,264 OneWeb-E
ONEWEB-0428 2022-012H 2023-03-29T04:56:13,357824 13,10375386 ,0001692 87,8754 269,8906 113,7892 352,1882 0 C 51629 88 1 -,73564E-3 -,256E-5 0 0,262 OneWeb-E
ONEWEB-0431 2022-012J 2023-03-29T03:46:14,358432 13,10366228 ,0002507 87,8729 269,9011 108,2558 356,4647 0 C 51630 88 1 -,74124E-2 -,2584E-4 0 0,266 OneWeb-E
ONEWEB-0434 2022-012K 2023-03-29T05:29:16,357920 13,10364866 ,0001588 87,8746 269,8933 112,2073 359,2494 0 C 51631 88 1 -,18493E-2 -,645E-5 0 0,258 OneWeb-E
ONEWEB-0435 2022-012L 2023-03-29T03:50:42,359136 13,10370229 ,0001789 87,8744 269,9005 120,9389 343,7853 0 C 51632 88 1 -,78663E-2 -,2742E-4 0 0,266 OneWeb-E
ONEWEB-0436 2022-012M 2023-03-29T08:30:16,359264 13,17646839 ,0001635 87,9150 239,4500 112,2892 305,3745 0 C 51633 88 1 ,73931E-2 ,2867E-4 0 0,262 OneWeb-E
ONEWEB-0438 2022-012N 2023-03-29T03:32:45,358080 13,10369915 ,000151 87,8743 269,9026 89,3311 37,3621 0 C 51634 88 1 -,4727E-2 -,1648E-4 0 0,268 OneWeb-E
ONEWEB-0439 2022-012P 2023-03-29T04:58:46,359264 13,10368541 ,0001711 87,8720 269,8875 99,4134 294,1821 0 C 51635 88 1 -,2293E-2 -,799E-5 0 0,260 OneWeb-E
ONEWEB-0442 2022-012Q 2023-03-28T23:37:45,359328 13,17648807 ,0002174 87,9122 239,5150 74,8779 72,0225 0 C 51636 87 1 -,14707E-2 -,57E-5 0 0,267 OneWeb-E
ONEWEB-0443 2022-012R 2023-03-28T22:11:16,359360 13,17648279 ,0001292 87,9148 239,5241 125,4628 11,9814 0 C 51637 87 1 ,85673E-3 ,332E-5 0 0,260 OneWeb-E
ONEWEB-0444 2022-012S 2023-03-29T05:08:14,358048 13,10370445 ,0001593 87,8750 269,8954 107,5136 1,1173 0 C 51638 88 1 -,37217E-3 -,13E-5 0 0,261 OneWeb-E
ONEWEB-0445 2022-012T 2023-03-28T22:23:12,357888 13,10366742 ,0002035 87,8728 269,9626 81,5765 38,1393 0 C 51639 87 1 ,59163E-2 ,2063E-4 0 0,262 OneWeb-E
ONEWEB-0446 2022-012U 2023-03-28T10:23:44,358720 13,10368272 ,0002012 87,8747 270,0473 95,6507 298,6638 0 C 51640 87 1 ,90914E-2 ,317E-4 0 0,261 OneWeb-E
ONEWEB-0448 2022-012V 2023-03-29T05:19:44,357952 13,10368088 ,0001508 87,8745 269,8922 105,9069 25,7318 0 C 51641 88 1 -,26314E-3 -,92E-6 0 0,261 OneWeb-E
ONEWEB-0449 2022-012W 2023-03-29T03:35:46,358304 13,10370305 ,0001543 87,8745 269,9053 88,6578 40,5759 0 C 51642 88 1 -,50327E-2 -,1755E-4 0 0,268 OneWeb-E
ONEWEB-0451 2022-012X 2023-03-29T04:43:12,358848 13,17645398 ,0001362 87,9118 239,4945 106,6434 304,6628 0 C 51643 88 1 ,52437E-2 ,2033E-4 0 0,258 OneWeb-E
ONEWEB-0452 2022-012Y 2023-03-29T04:40:13,358784 13,17644313 ,0001256 87,9120 239,4749 84,7049 327,4008 0 C 51644 88 1 ,52499E-2 ,2036E-4 0 0,258 OneWeb-E
ONEWEB-0456 2022-012AA 2023-03-29T03:41:45,358080 13,10372452 ,0001805 87,8726 269,9178 103,8625 0,8935 0 C 51646 88 1 -,10267E+0 -,35777E-3 0 0,421 OneWeb-E
ONEWEB-0457 2022-012AB 2023-03-28T21:47:16,358208 13,10368942 ,0001648 87,8751 269,9445 73,4511 53,4347 0 C 51647 87 1 ,11685E-1 ,4074E-4 0 0,265 OneWeb-E
ONEWEB-0458 2022-012AC 2023-03-29T05:31:14,357856 13,10367127 ,0001481 87,8743 269,8904 111,1261 359,3910 0 C 51648 88 1 -,20839E-2 -,726E-5 0 0,258 OneWeb-E
ONEWEB-0461 2022-012AD 2023-03-29T05:23:16,360224 13,17644059 ,0001614 87,9165 239,3856 90,4701 8,0520 0 C 51649 88 1 ,44024E-2 ,1707E-4 0 0,257 OneWeb-E
ONEWEB-0463 2022-012AE 2023-03-29T03:20:14,358912 13,17643358 ,0001702 87,9108 239,5038 91,8300 35,7882 0 C 51650 88 1 ,29371E-4 ,11E-6 0 0,263 OneWeb-E
ONEWEB-0464 2022-012AF 2023-03-29T05:26:42,357696 13,10356759 ,0001918 87,8742 269,8794 116,0937 354,2739 0 C 51651 88 1 ,1001E+0 ,34908E-3 0 0,601 OneWeb-E
ONEWEB-0468 2022-012AG 2023-03-29T03:44:15,357984 13,10371821 ,0001569 87,8721 269,9029 100,2853 5,3361 0 C 51652 88 1 -,71364E-2 -,2488E-4 0 0,266 OneWeb-E
ONEWEB-0473 2022-012AH 2023-03-29T04:52:15,358656 13,10369031 ,0001602 87,8745 269,8823 106,5612 287,7112 0 C 51653 88 1 -,16655E-2 -,581E-5 0 0,261 OneWeb-E
ONEWEB-0474 2022-012AJ 2023-03-29T05:03:13,357728 13,10372056 ,0001673 87,8717 269,8583 112,6481 354,2574 0 C 51654 88 1 -,37933E-3 -,132E-5 0 0,262 OneWeb-E
ONEWEB-0475 2022-012AK 2023-03-29T04:59:42,359424 13,17640577 ,0001322 87,9103 239,4663 115,8429 296,8626 0 C 51655 88 1 ,43764E-2 ,1697E-4 0 0,257 OneWeb-E
ONEWEB-0490 2022-138A 2023-03-28T22:27:14,358240 13,19731557 ,0001937 87,9390 178,9127 112,5168 353,0403 0 C 54113 87 1 -,52336E-2 -,2093E-4 0 0,267 OneWeb-E
ONEWEB-0492 2022-138B 2023-03-28T22:59:13,358400 13,19722773 ,0002027 87,9364 178,9159 121,2750 339,6961 0 C 54114 87 1 -,31523E-3 -,126E-5 0 0,265 OneWeb-E
ONEWEB-0495 2022-138C 2023-03-29T07:34:44,357952 13,19732186 ,0001739 87,9337 178,8066 120,4190 330,4120 0 C 54115 88 1 -,76593E-2 -,3063E-4 0 0,259 OneWeb-E
ONEWEB-0497 2022-138D 2023-03-28T22:49:15,358080 13,19729208 ,0001964 87,9259 178,9039 112,6936 355,4314 0 C 54116 87 1 -,15082E-2 -,603E-5 0 0,266 OneWeb-E
ONEWEB-0499 2022-138E 2023-03-29T03:45:15,358464 13,19724574 ,0001277 87,9324 178,8981 95,8934 348,2518 0 C 54117 88 1 ,4885E-2 ,1953E-4 0 0,263 OneWeb-E
ONEWEB-0500 2022-138F 2023-03-28T22:20:46,358304 13,19730117 ,0002008 87,9263 178,9198 106,6293 327,5387 0 C 54118 87 1 -,47639E-2 -,1905E-4 0 0,267 OneWeb-E
ONEWEB-0501 2022-138G 2023-03-29T04:33:43,357824 13,19724474 ,0001715 87,9292 178,8515 129,7337 314,2164 0 C 54119 88 1 ,70991E-2 ,2839E-4 0 0,262 OneWeb-E
ONEWEB-0502 2022-138H 2023-03-28T22:42:15,358176 13,19728224 ,0001641 87,9265 178,9213 119,7201 315,2815 0 C 54120 87 1 -,12763E-2 -,51E-5 0 0,266 OneWeb-E
ONEWEB-0503 2022-138J 2023-03-29T03:58:15,357792 13,19728515 ,0001664 87,9302 178,8618 113,1277 333,8452 0 C 54121 88 1 ,61091E-2 ,2443E-4 0 0,263 OneWeb-E
ONEWEB-0504 2022-138K 2023-03-29T05:29:45,358080 13,19726621 ,0001499 87,9387 178,8711 109,9493 338,7926 0 C 54122 88 1 -,72911E-3 -,292E-5 0 0,253 OneWeb-E
ONEWEB-0505 2022-138L 2023-03-28T22:02:14,358336 13,19734840 ,0001492 87,9265 178,9219 106,4536 326,6112 0 C 54123 87 1 -,6992E-2 -,2796E-4 0 0,267 OneWeb-E
ONEWEB-0506 2022-138M 2023-03-28T23:25:43,357728 13,19722892 ,0001672 87,9246 178,8961 117,8291 350,5106 0 C 54124 87 1 -,97147E-3 -,388E-5 0 0,262 OneWeb-E
ONEWEB-0507 2022-138N 2023-03-28T21:55:13,357920 13,19725999 ,0001882 87,9411 178,9512 115,9888 313,9989 0 C 54125 87 1 -,72327E-2 -,2892E-4 0 0,268 OneWeb-E
ONEWEB-0508 2022-138P 2023-03-29T03:20:46,358016 13,19722165 ,0001738 87,9253 178,8709 129,4272 314,0179 0 C 54126 88 1 ,48992E-2 ,1959E-4 0 0,263 OneWeb-E
ONEWEB-0509 2022-138Q 2023-03-29T06:27:42,358464 13,19729162 ,0001733 87,9242 178,8480 110,6322 339,2099 0 C 54127 88 1 -,55367E-3 -,221E-5 0 0,255 OneWeb-E
ONEWEB-0510 2022-138R 2023-03-29T04:14:44,357856 14,69331048 ,0013374 86,9030 158,5667 112,4535 325,5643 0 C 54128 88 1 ,35602E-3 ,21E-4 0 0,303 OneWeb-E
ONEWEB-0511 2022-138S 2023-03-29T04:31:45,357888 13,19724448 ,0001493 87,9251 178,8798 97,8862 349,5656 0 C 54129 88 1 ,73598E-2 ,2943E-4 0 0,263 OneWeb-E
ONEWEB-0512 2022-138T 2023-03-28T22:58:42,358080 13,19728018 ,0001531 87,9302 178,9076 125,3530 343,9319 0 C 54130 87 1 -,45045E-3 -,18E-5 0 0,265 OneWeb-E
ONEWEB-0513 2022-138U 2023-03-28T22:12:44,357760 13,19728908 ,0001134 87,9258 178,8301 122,9587 329,7641 0 C 54131 87 1 -,65925E-2 -,2636E-4 0 0,267 OneWeb-E
ONEWEB-0514 2022-138V 2023-03-28T23:13:45,358176 13,19720454 ,000191 87,9290 178,8927 104,9248 333,9926 0 C 54132 87 1 -,10569E-2 -,423E-5 0 0,263 OneWeb-E
ONEWEB-0515 2022-138W 2023-03-29T07:46:14,357856 14,69282934 ,0014097 86,9055 158,5080 105,9358 336,3507 0 C 54133 88 1 -,50632E-3 -,2983E-4 0 0,317 OneWeb-E
ONEWEB-0516 2022-138X 2023-03-29T04:06:45,357984 13,19724980 ,0001907 87,9308 178,8592 107,0755 337,9470 0 C 54134 88 1 ,71186E-2 ,2846E-4 0 0,264 OneWeb-E
ONEWEB-0517 2022-138Y 2023-03-29T05:23:15,357984 13,19728587 ,0001542 87,9367 178,8626 116,8128 320,4595 0 C 54135 88 1 -,39052E-3 -,156E-5 0 0,253 OneWeb-E
ONEWEB-0518 2022-138Z 2023-03-29T05:55:46,358112 13,19727402 ,000202 87,9355 178,8375 115,6081 338,9179 0 C 54136 88 1 ,16598E-3 ,66E-6 0 0,253 OneWeb-E
ONEWEB-0519 2022-138AA 2023-03-29T02:50:15,357984 13,19722996 ,0001505 87,9284 178,8637 118,1713 324,6486 0 C 54137 88 1 ,85928E-2 ,3436E-4 0 0,267 OneWeb-E
ONEWEB-0520 2022-138AB 2023-03-28T22:19:44,357664 13,19730801 ,0001644 87,9344 178,9291 126,6951 334,0767 0 C 54138 87 1 -,61224E-2 -,2448E-4 0 0,267 OneWeb-E
ONEWEB-0521 2022-138AC 2023-03-29T04:28:46,357824 13,19721366 ,0001719 87,9244 178,8598 96,5943 351,0660 0 C 54139 88 1 ,75865E-2 ,3033E-4 0 0,263 OneWeb-E
ONEWEB-0522 2022-138AD 2023-03-28T22:40:16,357728 13,19722428 ,0001837 87,9300 178,9060 114,8889 353,5186 0 C 54140 87 1 -,30365E-2 -,1214E-4 0 0,266 OneWeb-E
ONEWEB-0523 2022-138AE 2023-03-29T05:50:46,358304 14,69327469 ,0012857 86,9035 158,5116 111,3018 315,8447 0 C 54141 88 1 -,22843E-3 -,1347E-4 0 0,306 OneWeb-E
ONEWEB-0524 2022-138AF 2023-03-29T07:38:42,999936 14,69251399 ,0012134 86,9053 158,5086 112,6072 329,2544 0 C 54142 88 1 -,54912E-3 -,3231E-4 0 0,315 OneWeb-E
ONEWEB-0525 2022-138AG 2023-03-29T04:25:44,357952 13,19726206 ,0001649 87,9291 178,8547 116,4405 331,2378 0 C 54143 88 1 ,774E-2 ,3095E-4 0 0,263 OneWeb-E
ONEWEB-0526 2022-138AH 2023-03-28T21:53:13,357824 13,19729601 ,0001945 87,9263 178,9248 112,1299 321,2574 0 C 54144 87 1 -,7226E-2 -,2889E-4 0 0,268 OneWeb-E
ONEWEB-0529 2022-138AJ 2023-03-29T03:30:15,358176 13,19722360 ,0001987 87,9302 178,8676 123,0832 321,6318 0 C 54145 88 1 ,44157E-2 ,1766E-4 0 0,263 OneWeb-E
ONEWEB-0531 2022-138AK 2023-03-29T07:36:42,999840 14,69328245 ,0013203 86,9042 158,4963 110,1584 323,1977 0 C 54146 88 1 -,54014E-3 -,3185E-4 0 0,315 OneWeb-E
ONEWEB-0535 2022-138AL 2023-03-28T22:55:12,357696 13,19730619 ,0001952 87,9302 178,8996 96,8395 10,8782 0 C 54147 87 1 -,74634E-3 -,298E-5 0 0,266 OneWeb-E
ONEWEB-0536 2022-138AM 2023-03-29T04:34:12,357984 14,69241126 ,0012494 86,9016 158,5497 107,2496 330,0186 0 C 54148 88 1 ,31145E-3 ,1833E-4 0 0,306 OneWeb-E
ONEWEB-0527 2022-166A 2023-03-28T20:31:14,357856 13,39987989 ,0006277 87,9005 118,3002 243,5366 72,0795 0 C 54642 87 1 -,18727E+1 -,1001126E-1 0 0,727 OneWeb-E
ONEWEB-0528 2022-166B 2023-03-29T04:18:13,357728 13,39218278 ,000647 87,9168 118,2293 235,0236 314,2507 0 C 54643 88 1 -,19924E+1 -,1051808E-1 0 0,641 OneWeb-E
ONEWEB-0539 2022-166C 2023-03-29T03:12:14,357664 13,38444493 ,000782 87,9298 118,2408 238,6669 75,0737 0 C 54644 88 1 -,20111E+1 -,1049233E-1 0 0,788 OneWeb-E
ONEWEB-0540 2022-166D 2023-03-29T04:06:42,358176 13,40783982 ,0006329 87,9098 118,2159 245,7147 11,6817 0 C 54645 88 1 -,29317E+1 -,1572582E-1 0 1,411 OneWeb-E
ONEWEB-0542 2022-166E 2023-03-29T03:57:44,358336 13,39098603 ,0011123 87,9298 118,2213 244,0543 37,4315 0 C 54646 88 1 -,26052E+1 -,1366426E-1 0 1,036 OneWeb-E
ONEWEB-0545 2022-166F 2023-03-29T02:36:44,358336 13,38882639 ,0006693 87,9151 118,2409 243,3242 131,1574 0 C 54647 88 1 -,22028E+1 -,1155045E-1 0 1,280 OneWeb-E
ONEWEB-0580 2022-166G 2023-03-29T03:03:12,358368 13,39867773 ,0011551 87,9080 118,2408 239,4709 124,3027 0 C 54648 88 1 -,20328E+1 -,1083645E-1 0 0,656 OneWeb-E
ONEWEB-0582 2022-166H 2023-03-29T02:38:12,358464 13,39658057 ,0009094 87,9194 118,2289 237,0358 83,9018 0 C 54649 88 1 -,2475E+1 -,1310299E-1 0 1,295 OneWeb-E
ONEWEB-0583 2022-166J 2023-03-29T03:04:14,358144 13,39508099 ,0009375 87,9237 118,2441 241,8531 89,2528 0 C 54650 88 1 -,28842E+1 -,1518507E-1 0 1,995 OneWeb-E
ONEWEB-0584 2022-166K 2023-03-29T02:03:45,357696 13,38889648 ,000708 87,9222 118,2393 224,2478 184,1337 0 C 54651 88 1 -,23327E+1 -,1222049E-1 0 1,430 OneWeb-E
ONEWEB-0585 2022-166L 2023-03-29T04:00:14,358240 13,38796442 ,0006964 87,9297 118,2281 227,3671 272,3768 0 C 54652 88 1 -,25083E+1 -,1310365E-1 0 1,060 OneWeb-E
ONEWEB-0586 2022-166M 2023-03-29T03:46:16,357728 13,39915147 ,0005437 87,9185 118,2442 252,1238 11,2947 0 C 54653 88 1 -,23066E+1 -,1227388E-1 0 0,653 OneWeb-E
ONEWEB-0587 2022-166N 2023-03-29T05:37:45,358464 13,64710084 ,00094 87,6977 117,8070 224,2874 7,6510 0 C 54654 88 1 -,14452E+1 -,1139874E-1 0 0,597 OneWeb-E
ONEWEB-0589 2022-166P 2023-03-29T01:44:46,357728 13,40621262 ,0010948 87,9160 118,2217 245,6316 128,5487 0 C 54655 88 1 -,27207E+1 -,1458682E-1 0 1,131 OneWeb-E
ONEWEB-0590 2022-166Q 2023-03-29T04:28:13,358208 13,41012188 ,0011792 87,8926 118,2039 243,1617 132,7287 0 C 54656 88 1 -,2021E+1 -,109631E-1 0 0,644 OneWeb-E
ONEWEB-0591 2022-166R 2023-03-29T04:30:13,358304 13,42750974 ,0010396 87,9101 118,1971 241,0321 338,4440 0 C 54657 88 1 -,27652E+1 -,1530289E-1 0 0,599 OneWeb-E
ONEWEB-0592 2022-166S 2023-03-29T04:07:46,358112 13,49873955 ,000668 87,7672 118,1638 245,9143 263,0307 0 C 54658 88 1 -,14018E+1 -,875713E-2 0 0,541 OneWeb-E
ONEWEB-0593 2022-166T 2023-03-29T02:55:15,357792 13,40580730 ,0008482 87,9181 118,1743 229,0744 179,8903 0 C 54659 88 1 -,27619E+1 -,1479143E-1 0 0,973 OneWeb-E
ONEWEB-0594 2022-166U 2023-03-29T03:51:16,358400 13,44835102 ,0010787 87,8916 118,0308 239,4422 160,2067 0 C 54660 88 1 -,19796E+1 -,113846E-1 0 0,661 OneWeb-E
ONEWEB-0595 2022-166V 2023-03-29T05:12:45,357696 13,38172970 ,0007535 87,9372 118,2143 228,9824 159,0780 0 C 54661 88 1 -,20688E+1 -,1074413E-1 0 0,694 OneWeb-E
ONEWEB-0596 2022-166W 2023-03-29T04:50:42,357696 13,39287878 ,0006663 87,9273 118,2219 224,4091 111,1795 0 C 54662 88 1 -,29912E+1 -,1568125E-1 0 1,528 OneWeb-E
ONEWEB-0597 2022-166X 2023-03-29T03:42:43,358400 13,39775658 ,0010247 87,9242 118,2206 240,3649 86,4045 0 C 54663 88 1 -,23692E+1 -,125766E-1 0 0,650 OneWeb-E
ONEWEB-0600 2022-166Y 2023-03-29T02:22:14,357856 13,38158831 ,0010058 87,9352 118,2330 237,9443 240,9472 0 C 54664 88 1 -,19733E+1 -,1025515E-1 0 0,661 OneWeb-E
ONEWEB-0601 2022-166Z 2023-03-29T06:28:43,357728 13,58676928 ,0010485 87,8348 117,4741 231,8410 46,2538 0 C 54665 88 1 -,18122E+1 -,1293503E-1 0 0,642 OneWeb-E
ONEWEB-0602 2022-166AA 2023-03-29T05:40:45,358176 13,41580070 ,0009146 87,9182 118,0748 234,1131 107,8720 0 C 54666 88 1 -,25952E+1 -,1412913E-1 0 0,860 OneWeb-E
ONEWEB-0603 2022-166AB 2023-03-29T03:49:42,357792 13,53242282 ,0005136 87,7346 118,3402 244,8942 153,2820 0 C 54667 88 1 -,16547E+1 -,1086424E-1 0 0,573 OneWeb-E
ONEWEB-0604 2022-166AC 2023-03-29T04:43:44,357952 13,51234436 ,0005121 87,7555 118,1863 243,8701 290,5277 0 C 54668 88 1 -,13461E+1 -,859272E-2 0 0,532 OneWeb-E
ONEWEB-0605 2022-166AD 2023-03-29T07:29:42,999936 13,56695738 ,0006451 87,7313 118,3704 246,4507 96,1295 0 C 54669 88 1 -,17228E+1 -,1192991E-1 0 0,582 OneWeb-E
ONEWEB-0606 2022-166AE 2023-03-29T04:35:16,357920 13,58348703 ,0005517 87,7251 117,7850 250,6640 81,3626 0 C 54670 88 1 -,11312E+1 -,809314E-2 0 0,517 OneWeb-E
ONEWEB-0607 2022-166AF 2023-03-29T05:33:12,356064 13,58955150 ,0004644 87,7331 118,2088 235,5124 271,3465 0 C 54671 88 1 -,1552E+1 -,1115609E-1 0 0,538 OneWeb-E
ONEWEB-0608 2022-166AG 2023-03-29T05:31:12,357696 13,56205099 ,0009207 87,7403 118,3700 248,3023 264,3883 0 C 54672 88 1 -,17766E+1 -,122028E-1 0 0,562 OneWeb-E
ONEWEB-0610 2022-166AH 2023-03-29T05:47:42,358272 13,49716820 ,0009086 87,7697 118,3374 237,9252 104,4919 0 C 54673 88 1 -,16687E+1 -,1037323E-1 0 0,591 OneWeb-E
ONEWEB-0611 2022-166AJ 2023-03-29T05:07:42,358080 13,47583089 ,0009287 87,7421 118,3153 230,4126 283,8874 0 C 54674 88 1 -,14106E+1 -,850536E-2 0 0,570 OneWeb-E
ONEWEB-0612 2022-166AK 2023-03-29T05:17:13,358400 13,49143031 ,0005449 87,7888 118,2246 249,7264 74,5783 0 C 54675 88 1 -,14123E+1 -,872181E-2 0 0,564 OneWeb-E
ONEWEB-0615 2022-166AL 2023-03-29T06:42:43,358400 13,50725801 ,000937 87,7550 118,2983 233,0535 84,2612 0 C 54676 88 1 -,15104E+1 -,955176E-2 0 0,547 OneWeb-E
ONEWEB-0655 2022-166AM 2023-03-29T04:24:45,357984 13,47568951 ,0010177 87,7337 118,3190 234,2941 95,5012 0 C 54677 88 1 -,14955E+1 -,900836E-2 0 0,565 OneWeb-E
ONEWEB-0659 2022-166AN 2023-03-29T02:51:43,358112 13,39051824 ,0008071 87,9302 118,2479 232,2810 89,6202 0 C 54678 88 1 -,25784E+1 -,1351477E-1 0 1,099 OneWeb-E
ONEWEB-0685 2022-166AP 2023-03-29T02:10:12,999936 13,49730220 ,000456 87,7308 118,3451 217,8674 287,5037 0 C 54679 88 1 -,15787E+1 -,982245E-2 0 0,649 OneWeb-E
ONEWEB-0712 2022-166AQ 2023-03-28T22:08:46,357728 14,57520927 ,0010754 86,7281 110,7476 210,8225 219,9262 0 C 54680 87 1 -,22801E+0 -,1011985E-1 0 0,577 OneWeb-E
ONEWEB-0714 2022-166AR 2023-03-29T00:43:43,356288 13,38384044 ,0009881 87,9284 118,2600 245,0483 39,3780 0 C 54681 88 1 -,19059E+1 -,99436E-2 0 0,880 OneWeb-E
ONEWEB-0532 2023-004A 2023-03-29T04:29:44,358144 14,65747498 ,0000653 86,6216 252,3557 86,4811 336,6220 0 C 55140 88 1 ,39115E-3 ,2125E-4 0 0,320 OneWeb-E
ONEWEB-0533 2023-004B 2023-03-29T02:54:44,358336 14,65738534 ,0001266 86,6216 252,3832 26,8004 48,1603 0 C 55141 88 1 ,31233E-4 ,17E-5 0 0,330 OneWeb-E
ONEWEB-0541 2023-004C 2023-03-29T04:06:44,358336 13,96420820 ,0009237 87,3453 255,4878 317,0551 185,3647 0 C 55142 88 1 -,76023E+0 -,1028015E-1 0 0,573 OneWeb-E
ONEWEB-0543 2023-004D 2023-03-29T05:12:12,358080 14,65754579 ,0008362 86,6222 252,4035 321,9196 102,9886 0 C 55143 88 1 ,48568E-3 ,2641E-4 0 0,320 OneWeb-E
ONEWEB-0544 2023-004E 2023-03-29T05:17:12,357888 14,65737926 ,0011997 86,6243 252,3024 319,9048 102,5720 0 C 55144 88 1 ,5107E-3 ,2777E-4 0 0,317 OneWeb-E
ONEWEB-0560 2023-004F 2023-03-29T05:12:43,358400 14,65754386 ,0000928 86,6260 252,3131 112,5626 309,1668 0 C 55145 88 1 ,4993E-3 ,2713E-4 0 0,320 OneWeb-E
ONEWEB-0565 2023-004G 2023-03-29T07:44:44,358432 14,65731256 ,0012322 86,6239 252,2073 320,4605 105,4309 0 C 55146 88 1 ,38811E-2 ,21112E-3 0 0,484 OneWeb-E
ONEWEB-0567 2023-004H 2023-03-29T04:46:13,358208 14,65751667 ,0002989 86,6240 252,2720 354,8853 69,1407 0 C 55147 88 1 ,50977E-3 ,277E-4 0 0,325 OneWeb-E
ONEWEB-0569 2023-004J 2023-03-29T04:16:46,358112 14,65742783 ,0010875 86,6220 252,3411 314,4321 121,8614 0 C 55148 88 1 ,19189E-3 ,1043E-4 0 0,317 OneWeb-E
ONEWEB-0570 2023-004K 2023-03-29T05:41:13,357824 14,65923222 ,0010651 86,6215 252,3067 320,4395 103,6781 0 C 55149 88 1 ,60588E-3 ,3308E-4 0 0,313 OneWeb-E
ONEWEB-0571 2023-004L 2023-03-29T05:01:44,357952 14,65728304 ,0012992 86,6262 252,3084 324,1803 97,6457 0 C 55150 88 1 ,47373E-2 ,25774E-3 0 0,533 OneWeb-E
ONEWEB-0572 2023-004M 2023-03-29T06:06:14,358240 14,65728657 ,0000882 86,6225 252,3382 68,6515 358,6019 0 C 55151 88 1 ,10731E-2 ,5828E-4 0 0,327 OneWeb-E
ONEWEB-0573 2023-004N 2023-03-29T05:52:43,357728 14,65740615 ,0010973 86,6228 252,3292 317,4714 104,5449 0 C 55152 88 1 ,7106E-3 ,3864E-4 0 0,314 OneWeb-E
ONEWEB-0588 2023-004P 2023-03-29T05:20:44,355840 14,65745863 ,0006775 86,6224 252,4107 326,3268 98,8735 0 C 55153 88 1 ,52573E-3 ,2857E-4 0 0,317 OneWeb-E
ONEWEB-0598 2023-004Q 2023-03-29T03:42:44,358048 13,89359978 ,0009174 87,3597 256,1804 347,8472 343,4123 0 C 55154 88 1 -,81499E+0 -,974917E-2 0 0,548 OneWeb-E
ONEWEB-0599 2023-004R 2023-03-29T05:57:43,358400 14,65728599 ,0010965 86,6232 252,3369 317,6048 104,3524 0 C 55155 88 1 ,77882E-3 ,4234E-4 0 0,316 OneWeb-E
ONEWEB-0614 2023-004S 2023-03-29T02:35:45,358368 13,84044562 ,0010348 87,3465 256,1418 346,3596 114,0970 0 C 55156 88 1 -,84423E+0 -,922544E-2 0 0,528 OneWeb-E
ONEWEB-0616 2023-004T 2023-03-29T05:58:43,358016 14,65740358 ,0010165 86,6210 252,3115 315,4963 109,1620 0 C 55157 88 1 ,79246E-3 ,4308E-4 0 0,316 OneWeb-E
ONEWEB-0617 2023-004U 2023-03-29T04:45:12,358080 13,89027295 ,0007435 87,3215 256,1791 315,1962 129,7251 0 C 55158 88 1 -,83302E+0 -,990374E-2 0 0,546 OneWeb-E
ONEWEB-0618 2023-004V 2023-03-29T03:18:42,357600 14,65710666 ,0009339 86,6238 252,2998 324,8019 113,6772 0 C 55159 88 1 ,79504E-4 ,432E-5 0 0,336 OneWeb-E
ONEWEB-0619 2023-004W 2023-03-29T05:03:44,358048 14,65812767 ,0011706 86,6232 252,2828 317,8680 103,7887 0 C 55160 88 1 -,55285E-2 -,3009E-3 0 0,567 OneWeb-E
ONEWEB-0620 2023-004X 2023-03-29T06:30:15,358176 13,81315144 ,0006652 87,3260 256,0435 330,6734 113,6009 0 C 55161 88 1 -,98023E+0 -,1020558E-1 0 0,587 OneWeb-E
ONEWEB-0621 2023-004Y 2023-03-29T04:35:46,357728 13,41768054 ,0009396 87,6951 258,8810 323,5836 123,8078 0 C 55162 88 1 ,26171E-3 ,146E-5 0 0,271 OneWeb-E
ONEWEB-0622 2023-004Z 2023-03-29T03:16:14,357856 13,87099269 ,0006904 87,3299 256,2218 357,3102 114,9942 0 C 55163 88 1 -,92492E+0 -,1062261E-1 0 0,665 OneWeb-E
ONEWEB-0623 2023-004AA 2023-03-29T06:01:43,357728 14,65722159 ,0013395 86,6238 252,2209 322,2632 99,6945 0 C 55164 88 1 ,83919E-3 ,4563E-4 0 0,317 OneWeb-E
ONEWEB-0624 2023-004AB 2023-03-29T05:38:12,358464 14,65937973 ,0013533 86,6263 252,2284 327,3823 94,5250 0 C 55165 88 1 ,59362E-3 ,3244E-4 0 0,313 OneWeb-E
ONEWEB-0625 2023-004AC 2023-03-29T05:47:42,358272 14,65726503 ,0010445 86,6214 252,3062 313,6816 107,8345 0 C 55166 88 1 ,65221E-3 ,3545E-4 0 0,314 OneWeb-E
ONEWEB-0626 2023-004AD 2023-03-29T05:37:43,358304 14,65738856 ,0013097 86,6246 252,2066 330,9600 91,0794 0 C 55167 88 1 ,58969E-3 ,3207E-4 0 0,313 OneWeb-E
ONEWEB-0627 2023-004AE 2023-03-29T07:45:14,358240 14,65709114 ,0000983 86,6233 252,1922 80,4033 348,0956 0 C 55168 88 1 ,11813E-2 ,6413E-4 0 0,330 OneWeb-E
ONEWEB-0628 2023-004AF 2023-03-29T05:56:13,358112 14,65825914 ,0013555 86,6265 252,2449 323,1982 98,3952 0 C 55169 88 1 ,75769E-3 ,413E-4 0 0,315 OneWeb-E
ONEWEB-0629 2023-004AG 2023-03-29T08:41:16,357632 14,65746599 ,0014635 86,6263 252,1475 323,1605 109,2645 0 C 55170 88 1 ,8221E-3 ,4474E-4 0 0,318 OneWeb-E
ONEWEB-0631 2023-004AH 2023-03-29T07:57:14,357952 14,65918412 ,001374 86,6256 252,2258 321,4579 113,5418 0 C 55171 88 1 ,11731E-2 ,6408E-4 0 0,331 OneWeb-E
ONEWEB-0709 2023-004AJ 2023-03-29T05:41:13,357824 13,87530596 ,0011853 87,3698 256,1274 15,7889 42,7801 0 C 55172 88 1 -,37349E+0 -,437036E-2 0 2,206 OneWeb-E
ONEWEB-0710 2023-004AK 2023-03-29T04:55:16,358016 14,65794374 ,0012544 86,6243 252,2845 321,3081 103,3965 0 C 55173 88 1 ,48612E-3 ,2647E-4 0 0,325 OneWeb-E
ONEWEB-0711 2023-004AL 2023-03-29T01:08:14,357760 13,82045288 ,000676 87,3073 256,1403 309,0970 146,3841 0 C 55174 88 1 -,92031E+0 -,970959E-2 0 0,547 OneWeb-E
ONEWEB-0713 2023-004AM 2023-03-29T04:40:45,357888 13,82169067 ,0008715 87,3057 256,0426 343,3884 170,2285 0 C 55175 88 1 -,88117E+0 -,932344E-2 0 0,570 OneWeb-E
ONEWEB-0715 2023-004AN 2023-03-29T04:30:14,357952 13,89649265 ,0012624 87,3522 256,2021 331,8369 123,9112 0 C 55176 88 1 -,36618E+0 -,444482E-2 0 2,762 OneWeb-E
ONEWEB-0716 2023-004AP 2023-03-29T05:13:15,358368 14,65751425 ,0011102 86,6233 252,2975 320,4804 101,6768 0 C 55177 88 1 ,4919E-3 ,2675E-4 0 0,319 OneWeb-E
ONEWEB-0717 2023-004AQ 2023-03-29T08:05:44,358144 14,65756148 ,0007981 86,6180 252,2836 316,3040 114,0880 0 C 55178 88 1 ,11113E-2 ,6042E-4 0 0,331 OneWeb-E
ONEWEB-0719 2023-004AR 2023-03-29T06:04:45,358464 14,65767695 ,000088 86,6207 252,3172 126,2915 300,0895 0 C 55179 88 1 ,88298E-3 ,48E-4 0 0,318 OneWeb-E
ONEWEB-0530 2023-029A 2023-03-29T07:35:43,357920 14,91477496 ,001134 86,5131 190,7087 143,6878 298,9590 0 C 55796 88 1 ,38932E-3 ,3888E-4 0 0,327 OneWeb-E
ONEWEB-0534 2023-029B 2023-03-29T07:36:46,358208 14,91419895 ,0011158 86,5085 190,6967 144,4048 298,1750 0 C 55797 88 1 ,37507E-3 ,374E-4 0 0,327 OneWeb-E
ONEWEB-0556 2023-029C 2023-03-28T15:29:01,358304 14,91537122 ,0011526 86,5121 191,0025 144,4291 301,4429 0 C 55798 87 1 ,10789E-2 ,10793E-3 0 0,346 OneWeb-E
ONEWEB-0562 2023-029D 2023-03-29T07:32:12,357888 14,91317831 ,0010678 86,5086 190,7005 145,4361 272,6500 0 C 55799 88 1 ,54583E-3 ,5429E-4 0 0,325 OneWeb-E
ONEWEB-0563 2023-029E 2023-03-29T07:30:44,357760 14,91400681 ,0010874 86,5132 190,7121 144,7992 273,8429 0 C 55800 88 1 ,41166E-3 ,4103E-4 0 0,325 OneWeb-E
ONEWEB-0564 2023-029F 2023-03-29T07:28:16,358016 14,91530923 ,0011535 86,5090 190,6999 142,9204 275,7594 0 C 55801 88 1 ,43305E-3 ,4331E-4 0 0,326 OneWeb-E
ONEWEB-0638 2023-029G 2023-03-29T09:00:45,358272 14,92136259 ,0013936 86,5116 190,6715 145,2514 300,0598 0 C 55802 88 1 ,2462E-3 ,2501E-4 0 0,335 OneWeb-E
ONEWEB-0639 2023-029H 2023-03-29T08:04:43,358016 14,85915052 ,0010196 86,5510 190,7453 148,4636 275,2475 0 C 55803 88 1 ,17663E-3 ,1537E-4 0 0,311 OneWeb-E
ONEWEB-0640 2023-029J 2023-03-29T07:16:46,358112 14,92453895 ,0014515 86,5101 190,6954 151,4280 288,7121 0 C 55804 88 1 ,59939E-3 ,614E-4 0 0,324 OneWeb-E
ONEWEB-0641 2023-029K 2023-03-29T07:53:16,357920 14,86409130 ,0013023 86,5529 190,7311 143,6586 300,8699 0 C 55805 88 1 ,21734E-3 ,1916E-4 0 0,317 OneWeb-E
ONEWEB-0642 2023-029L 2023-03-29T06:31:42,357792 14,85958101 ,0010745 86,5552 190,7790 144,7370 306,3977 0 C 55806 88 1 ,57279E-3 ,4991E-4 0 0,306 OneWeb-E
ONEWEB-0643 2023-029M 2023-03-29T07:23:16,358208 14,92083356 ,0014115 86,5100 190,6950 145,7777 292,7406 0 C 55807 88 1 ,53107E-3 ,5389E-4 0 0,326 OneWeb-E
ONEWEB-0644 2023-029N 2023-03-29T08:05:15,357984 14,85855619 ,0010493 86,5547 190,7527 146,5178 280,4262 0 C 55808 88 1 ,17341E-3 ,1507E-4 0 0,311 OneWeb-E
ONEWEB-0645 2023-029P 2023-03-29T07:51:14,357664 14,86266668 ,001327 86,5558 190,7387 143,0106 296,1059 0 C 55809 88 1 ,2184E-3 ,1918E-4 0 0,317 OneWeb-E
ONEWEB-0646 2023-029Q 2023-03-29T08:05:13,357824 14,85703226 ,0010484 86,5565 190,7536 145,4110 282,3310 0 C 55810 88 1 ,17136E-3 ,1484E-4 0 0,311 OneWeb-E
ONEWEB-0648 2023-029R 2023-03-29T08:59:14,358336 14,92184709 ,0014373 86,5106 190,6672 145,5034 297,4982 0 C 55811 88 1 ,22766E-3 ,2316E-4 0 0,335 OneWeb-E
ONEWEB-0649 2023-029S 2023-03-29T07:59:16,358208 14,86697154 ,0011424 86,5458 190,7311 139,9906 300,5657 0 C 55812 88 1 ,21124E-3 ,1874E-4 0 0,314 OneWeb-E
ONEWEB-0650 2023-029T 2023-03-29T07:55:15,358368 14,86293421 ,0012916 86,5543 190,7381 142,8004 299,3016 0 C 55813 88 1 ,21382E-3 ,1879E-4 0 0,315 OneWeb-E
ONEWEB-0652 2023-029U 2023-03-29T09:02:16,358208 14,91956045 ,0013745 86,5103 190,6654 145,0384 296,9573 0 C 55814 88 1 ,2911E-2 ,29459E-3 0 0,668 OneWeb-E
ONEWEB-0653 2023-029V 2023-03-29T09:03:16,357824 14,91973593 ,0013552 86,5113 190,6727 143,9111 299,6730 0 C 55815 88 1 ,21475E-3 ,2173E-4 0 0,335 OneWeb-E
ONEWEB-0654 2023-029W 2023-03-28T23:19:42,999744 14,92458693 ,0015095 86,5113 190,8430 151,8082 310,5373 0 C 55816 87 1 ,71441E-3 ,732E-4 0 0,346 OneWeb-E
ONEWEB-0656 2023-029X 2023-03-28T23:29:14,357760 14,92747946 ,0015374 86,5095 190,8351 156,2853 1,2489 0 C 55817 87 1 ,55179E-3 ,5695E-4 0 0,345 OneWeb-E
ONEWEB-0657 2023-029Y 2023-03-29T04:31:45,357888 14,86270334 ,0013561 86,5601 190,7862 144,3691 286,7462 0 C 55818 88 1 -,76879E-1 -,664417E-2 0 0,643 OneWeb-E
ONEWEB-0658 2023-029Z 2023-03-29T04:32:16,358208 14,86734248 ,0013463 86,5508 190,7863 144,0254 287,5072 0 C 55819 88 1 ,10373E-2 ,9218E-4 0 0,335 OneWeb-E
ONEWEB-0660 2023-029AA 2023-03-29T07:26:16,357920 14,92051623 ,0013825 86,5114 190,7019 145,7410 301,7907 0 C 55820 88 1 ,4854E-3 ,4921E-4 0 0,327 OneWeb-E
ONEWEB-0661 2023-029AB 2023-03-29T05:37:45,358464 14,92534945 ,001508 86,5092 190,7234 151,5727 285,3163 0 C 55821 88 1 ,10291E-2 ,10566E-3 0 0,330 OneWeb-E
ONEWEB-0662 2023-029AC 2023-03-29T07:23:44,357856 14,92057081 ,0013937 86,5116 190,7027 145,2668 293,3318 0 C 55822 88 1 ,52206E-3 ,5294E-4 0 0,326 OneWeb-E
ONEWEB-0663 2023-029AD 2023-03-28T15:08:16,357632 14,92663072 ,0015231 86,5116 190,9925 156,5086 287,8843 0 C 55823 87 1 ,10968E-2 ,11298E-3 0 0,334 OneWeb-E
ONEWEB-0664 2023-029AE 2023-03-29T07:15:15,358176 14,92561306 ,0015287 86,5089 190,6920 152,3120 289,8264 0 C 55824 88 1 ,61498E-3 ,6318E-4 0 0,323 OneWeb-E
ONEWEB-0665 2023-029AF 2023-03-29T08:55:16,358304 14,92422177 ,0015017 86,5106 190,6658 149,7148 294,9409 0 C 55825 88 1 ,29767E-3 ,3047E-4 0 0,333 OneWeb-E
ONEWEB-0666 2023-029AG 2023-03-29T08:50:12,358176 14,92637948 ,0015282 86,5123 190,6668 153,1635 288,3275 0 C 55826 88 1 ,31511E-3 ,3243E-4 0 0,331 OneWeb-E
ONEWEB-0667 2023-029AH 2023-03-29T05:32:44,358144 14,92792960 ,0015549 86,5105 190,7230 155,9511 280,1862 0 C 55827 88 1 ,10423E-2 ,10773E-3 0 0,329 OneWeb-E
ONEWEB-0669 2023-029AJ 2023-03-29T07:06:43,357824 14,92720221 ,001533 86,5095 190,6942 154,7114 266,2150 0 C 55828 88 1 ,81318E-3 ,8388E-4 0 0,321 OneWeb-E
ONEWEB-0670 2023-029AK 2023-03-29T07:16:14,358144 14,92511831 ,0014869 86,5116 190,6960 150,4699 291,7545 0 C 55829 88 1 ,60354E-3 ,6192E-4 0 0,323 OneWeb-E
ONEWEB-0671 2023-029AL 2023-03-29T07:54:42,357888 14,86242607 ,0013341 86,5541 190,7342 143,2549 299,9032 0 C 55830 88 1 ,21233E-3 ,1864E-4 0 0,316 OneWeb-E
ONEWEB-0672 2023-029AM 2023-03-29T08:49:44,357664 14,92677296 ,0015281 86,5089 190,6617 153,6364 288,5180 0 C 55831 88 1 ,32846E-3 ,3384E-4 0 0,331 OneWeb-E
ONEWEB-0673 2023-029AN 2023-03-29T08:01:15,357792 14,86139547 ,0011458 86,5509 190,7360 143,2858 297,5290 0 C 55832 88 1 ,19349E-3 ,1694E-4 0 0,313 OneWeb-E
ONEWEB-0674 2023-029AP 2023-03-29T07:14:45,358368 14,92553864 ,001526 86,5122 190,6971 151,9226 287,6101 0 C 55833 88 1 ,62081E-3 ,6377E-4 0 0,323 OneWeb-E
ONEWEB-0675 2023-029AQ 2023-03-28T22:11:12,358176 14,86541686 ,0011628 86,5502 190,9133 143,2455 281,4302 0 C 55834 87 1 ,39038E-3 ,3451E-4 0 0,346 OneWeb-E
ONEWEB-0720 2023-029AR 2023-03-29T07:59:16,358208 14,72745918 ,0009552 86,6362 190,8795 147,7397 291,7512 0 C 55835 88 1 -,1166E+0 -,730449E-2 0 0,674 OneWeb-E
ONEWEB-0537 2023-043A 2023-03-29T01:28:46,357824 15,38966057 ,0011403 87,4245 141,5761 263,1049 172,4810 0 C 70537 88 1 ,10077E-2 ,38842E-3 0 0,366 OneWeb-E
ONEWEB-0538 2023-043B 2023-03-29T03:04:14,358144 15,39017380 ,0011301 87,4258 141,5520 262,1323 180,8981 0 C 70538 88 1 ,94334E-3 ,36418E-3 0 0,356 OneWeb-E
ONEWEB-0546 2023-043C 2023-03-29T01:28:16,358016 15,39193049 ,001073 87,4230 141,5767 259,5557 176,4019 0 C 70546 88 1 ,10082E-2 ,39138E-3 0 0,367 OneWeb-E
ONEWEB-0547 2023-043D 2023-03-29T01:25:42,357792 15,40095568 ,0007055 87,4235 141,5753 253,1804 182,2862 0 C 70547 88 1 ,10139E-2 ,40498E-3 0 0,368 OneWeb-E
ONEWEB-0548 2023-043E 2023-03-29T03:04:16,358304 15,38680355 ,0011691 87,4260 141,5536 269,5210 170,1472 0 C 70548 88 1 ,95415E-3 ,36438E-3 0 0,356 OneWeb-E
ONEWEB-0549 2023-043F 2023-03-28T23:58:45,358176 15,39854502 ,0008215 87,4240 141,5992 252,3516 206,1793 0 C 70549 87 1 ,14068E-2 ,55792E-3 0 0,370 OneWeb-E
ONEWEB-0550 2023-043G 2023-03-29T01:27:14,358240 15,39548953 ,0009568 87,4238 141,5749 252,1176 183,5481 0 C 70550 88 1 ,13724E-2 ,53905E-3 0 0,366 OneWeb-E
ONEWEB-0551 2023-043H 2023-03-29T04:42:14,357664 15,37856693 ,0010452 87,4266 141,5330 285,6716 161,5869 0 C 70551 88 1 ,84032E-3 ,31225E-3 0 0,358 OneWeb-E
ONEWEB-0552 2023-043J 2023-03-28T22:18:45,357696 15,39349381 ,0010257 87,4250 141,6217 257,3215 171,5297 0 C 70552 87 1 ,97795E-3 ,38152E-3 0 0,360 OneWeb-E
ONEWEB-0553 2023-043K 2023-03-29T01:28:43,358016 15,39126494 ,0010924 87,4266 141,5748 260,5555 176,5362 0 C 70553 88 1 ,13601E-2 ,52714E-3 0 0,368 OneWeb-E
ONEWEB-0554 2023-043L 2023-03-29T01:28:15,358368 15,39281159 ,0010466 87,4262 141,5748 258,0658 178,7450 0 C 70554 88 1 ,1394E-2 ,54296E-3 0 0,367 OneWeb-E
ONEWEB-0555 2023-043M 2023-03-29T03:07:13,358208 15,38646804 ,0011686 87,4245 141,5518 270,3367 180,2965 0 C 70555 88 1 ,12033E-2 ,45916E-3 0 0,355 OneWeb-E
ONEWEB-0557 2023-043N 2023-03-29T01:28:15,358368 15,39310578 ,0010344 87,4237 141,5762 257,3684 179,8437 0 C 70557 88 1 ,13889E-2 ,54145E-3 0 0,367 OneWeb-E
ONEWEB-0558 2023-043P 2023-03-28T23:50:13,357824 15,40165809 ,0006735 87,4248 141,5999 255,2219 173,6532 0 C 70558 87 1 ,13703E-2 ,54882E-3 0 0,365 OneWeb-E
ONEWEB-0559 2023-043Q 2023-03-28T23:52:13,357920 15,39901232 ,0008028 87,4238 141,5990 252,2480 181,5943 0 C 70559 87 1 ,14072E-2 ,55892E-3 0 0,365 OneWeb-E
ONEWEB-0566 2023-043R 2023-03-29T01:27:13,357728 15,39583688 ,0009419 87,4242 141,5785 252,1400 183,8376 0 C 70566 88 1 ,10241E-2 ,4025E-3 0 0,367 OneWeb-E
ONEWEB-0568 2023-043S 2023-03-28T19:16:15,357792 15,37945279 ,0010794 87,4246 141,6660 285,4324 148,5168 0 C 70568 87 1 ,90224E-3 ,33629E-3 0 0,369 OneWeb-E
ONEWEB-0574 2023-043T 2023-03-29T03:00:14,357952 15,40277536 ,0006675 87,4213 141,5493 257,5703 183,3892 0 C 70574 88 1 ,97909E-3 ,39336E-3 0 0,357 OneWeb-E
ONEWEB-0575 2023-043U 2023-03-28T19:15:14,357664 15,38071569 ,0011141 87,4259 141,6693 283,2872 147,9122 0 C 70575 87 1 ,83733E-3 ,31339E-3 0 0,370 OneWeb-E
ONEWEB-0576 2023-043V 2023-03-29T01:31:13,357920 15,38441677 ,0011711 87,4282 141,5778 274,5615 165,1186 0 C 70576 88 1 ,10221E-2 ,38733E-3 0 0,365 OneWeb-E
ONEWEB-0577 2023-043W 2023-03-28T17:50:15,357984 15,38303659 ,0011801 87,4274 141,6897 278,9025 187,9027 0 C 70577 87 1 ,87062E-3 ,32841E-3 0 0,374 OneWeb-E
ONEWEB-0578 2023-043X 2023-03-29T04:35:43,357920 15,39846694 ,0008423 87,4236 141,5280 251,3179 192,3097 0 C 70578 88 1 ,88679E-3 ,35139E-3 0 0,359 OneWeb-E
ONEWEB-0579 2023-043Y 2023-03-29T03:00:13,358304 15,40453439 ,0006209 87,4245 141,5524 262,8134 180,0431 0 C 70579 88 1 ,99631E-3 ,40257E-3 0 0,357 OneWeb-E
ONEWEB-0581 2023-043Z 2023-03-29T01:31:12,358272 15,38288236 ,0011782 87,4256 141,5765 278,0872 159,8220 0 C 70581 88 1 ,99165E-3 ,37394E-3 0 0,365 OneWeb-E
ONEWEB-0609 2023-043AA 2023-03-29T03:00:45,358272 15,40308024 ,0006537 87,4253 141,5532 259,3306 184,1102 0 C 70609 88 1 ,1313E-2 ,52827E-3 0 0,357 OneWeb-E
ONEWEB-0613 2023-043AB 2023-03-28T23:59:14,358336 15,38347951 ,0011746 87,4240 141,5977 276,7659 168,4785 0 C 70613 87 1 ,10226E-2 ,38636E-3 0 0,366 OneWeb-E
ONEWEB-0630 2023-043AC 2023-03-29T03:04:42,357792 15,38514844 ,0011694 87,4236 141,5518 273,1705 166,3526 0 C 70630 88 1 ,95286E-3 ,36194E-3 0 0,355 OneWeb-E
ONEWEB-0632 2023-043AD 2023-03-29T02:59:45,357792 15,40504489 ,000621 87,4230 141,5508 265,0921 176,3882 0 C 70632 88 1 ,97107E-3 ,39302E-3 0 0,357 OneWeb-E
ONEWEB-0633 2023-043AE 2023-03-29T04:34:15,357792 15,40415192 ,0006275 87,4217 141,5266 261,2495 182,9986 0 C 70633 88 1 ,89718E-3 ,36201E-3 0 0,359 OneWeb-E
ONEWEB-0634 2023-043AF 2023-03-29T01:25:46,358112 15,40172514 ,0006834 87,4222 141,5736 253,6163 182,6188 0 C 70634 88 1 ,10298E-2 ,41234E-3 0 0,367 OneWeb-E
ONEWEB-0635 2023-043AG 2023-03-29T03:05:14,357760 15,38596794 ,0011685 87,4280 141,5541 271,0708 171,5031 0 C 70635 88 1 ,93407E-3 ,35574E-3 0 0,355 OneWeb-E
ONEWEB-0636 2023-043AH 2023-03-28T23:57:13,357728 15,39723948 ,0008768 87,4241 141,6007 252,3330 198,9905 0 C 70636 87 1 ,10369E-2 ,40933E-3 0 0,369 OneWeb-E
ONEWEB-0637 2023-043AJ 2023-03-28T16:10:12,357696 15,37668534 ,0010183 87,4254 141,7131 290,9230 145,9230 0 C 70637 87 1 ,92989E-3 ,34344E-3 0 0,358 OneWeb-E
ONEWEB-0647 2023-043AK 2023-03-28T23:52:45,357888 15,39500528 ,0009695 87,4239 141,5999 252,5902 179,3237 0 C 70647 87 1 ,13969E-2 ,54784E-3 0 0,367 OneWeb-E
ONEWEB-0651 2023-043AL 2023-03-29T01:31:44,358240 15,39049299 ,0011172 87,4235 141,5757 261,8152 185,9770 0 C 70651 88 1 ,10304E-2 ,39824E-3 0 0,366 OneWeb-E
ONEWEB-0718 2023-043AM 2023-03-28T23:52:14,358432 15,39664563 ,0008994 87,4237 141,5969 252,3855 179,2045 0 C 70718 87 1 ,13977E-2 ,55098E-3 0 0,365 OneWeb-E